45
67
152
158
229
298
302
336
374
412
535
589
666
684
703
709
742
765
790
812
903
1003
1104
1206
1211
1264
1275
1314
1334
1373
1379
1433
1562
1641
1704
1793
1826
1859
1902
1951
2034
2175
2357
2388
2418
2490
2622
2623
2684
2706
2807
2810
2849
2854
2872
2937
2985
3023
3039
3128
3172
3412
3420
3457
3475
3511
3706
3707
3752
3815
3860
3919
3920
3952
3988
4020
4036
4176
4196
4282
4297
4345
4371
4377
4402
4453
4469
4512
4544
4644
4656
4693
4718
4906
4907
4941
4942
5161
5166
5198
5229
5232
5349
5417
5468
5534
5553
5647
5706
5768
5806
5857
5943
5973
5994
6009
6161
6216
6374
6407
6488
6508
6523
6662
6674
6749
6815
6859
6871
6873
6938
6962
7006
7070
7156
7162
7186
7273
7283
7407
7455
7493
7516
7541
7558
7662
7752
7757
7790
7896
7955
8090
8251
8308
8400
8417
8435
8446
8451
8615
8683
8710
8788
8810
8982
9180
9337
9351
9367
9448
9612
9640
9691
9713
9759
9801
9886
9924
10005
10097
10117
10136
10176
10205
10297
10531
10670
10723
10827
10941
10943
10979
11078
11097
11109
11115
11335
11350
11450
11508
11538
11626
11658
11741
11752
11974
11979
12097
12137
12174
12178
12342
12355
12436
12487
12488
12585
12619
12639
12666
12834
12871
13042
13299
13362
13385
13448
13493
13632
13693
13737
13913
14038
14065
14076
14210
14224
14267
14388
14407
14463
14813
14872
14908
15010
15050
15057
15167
15219
15316
15348
15514
15704
15719
15743
15815
15826
15865
15884
15950
15992
16203
16277
16377
16416
16682
16728
17169
17173
17294
17297
17354
17506
17583
17603
17657
17678
17732
17757
17792
17825
17841
17960
18081
18215
18238
18241
18344
18401
18445
18447
18476
18522
18533
18570
18880
18940
18951
18994
19000
19015
19033
19072
19078
19116
19226
19237
19253
19303
19333
19350
19383
19397
19407
19426
19429
19505
19727
19771
19805
19855
19868
19884
19893
20023
20115
20182
20194
20198
20206
20208
20229
20301
20339
20386
20603
20684
20693
20720
20737
20767
20769
20784
20816
20842
20899
20991
20999
21026
21050
21116
21172
21180
21213
21259
21351
21378
21381
21430
21483
21541
21642
21711
21727
21827
21899
22014
22059
22067
22106
22209
22243
22263
22425
22452
22489
22553
22561
22594
22820
22862
22995
23046
23052
23087
23089
23112
23124
23127
23137
23166
23228
23267
23277
23388
23411
23421
23523
23753
23867
23880
23914
23965
23973
24108
24128
24246
24254
24342
24408
24420
24429
24546
24555
24556
24686
24726
24759
25009
25108
25172
25176
25179
25183
25230
25239
25263
25273
25314
25387
25414
25530
25534
25573
25615
25629
25786
26000
26152
26200
26203
26238
26256
26301
26322
26348
26424
26438
26533
26897
26970
26975
27005
27037
27151
27169
27179
27226
27393
27396
27420
27493
27505
27710
27795
27846
27879
27902
27959
28024
28026
28218
28244
28382
28387
28499
28539
28669
28704
28795
28867
28882
28924
28928
28935
28992
29100
29109
29244
29323
29399
29423
29586
29642
29643
29652
29682
29694
29738
29951
30028
30104
30223
30260
30276
30336
30343
30386
30394
30452
30487
30606
30731
30745
30765
30788
30813
30904
30920
31089
31139
31156
31183
31224
31302
31353
31369
31407
31467
31499
31523
31689
31690
31808
31823
31864
31865
31993
32003
32020
32070
32172
32315
32418
32484
32515
32560
32671
32695
32745
32787
32798
32928
33002
33091
33111
33129
33173
33217
33393
33410
33539
33560
33615
33670
33723
33767
33812
33815
33835
33852
33877
34012
34052
34158
34161
34254
34317
34335
34412
34422
34466
34550
34630
34953
34958
34961
35026
35067
35358
35472
35818
35863
35886
35901
35942
35978
35980
36059
36085
36126
36133
36249
36431
36447
36451
36458
36459
36472
36504
36551
36560
36580
36649
36715
36751
36819
36844
36850
36891
36975
37024
37054
37064
37144
37172
37366
37519
37529
37609
37644
37679
37716
37743
37865
37890
37943
37995
38055
38228
38352
38373
38540
38573
38659
38664
38704
38716
38878
38909
38945
39060
39176
39307
39327
39438
39489
39531
39549
39609
39733
39810
39938
39962
40148
40185
40410
40416
40503
40564
40583
40650
40690
40719
40748
40763
40985
41062
41084
41146
41168
41189
41352
41367
41385
41408
41481
41518
41555
41607
41624
41696
41760
41776
41798
42069
42114
42284
42416
42480
42536
42612
42614
42673
42818
43056
43073
43228
43255
43285
43449
43484
43486
43523
43572
43588
43591
43598
43602
43619
43672
43848
43888
43913
43976
43979
44020
44027
44128
44165
44187
44256
44259
44301
44356
44416
44458
44547
44570
44662
44695
44881
45055
45137
45169
45184
45217
45361
45487
45630
45648
45712
45806
45896
46043
46100
46183
46211
46225
46236
46270
46338
46367
46389
46401
46555
46573
46683
46702
46744
46764
46816
46986
46999
47015
47098
47182
47237
47265
47267
47308
47513
47626
47636
47687
47756
47760
47777
47908
47968
47991
48135
48226
48240
48241
48325
48415
48419
48527
48557
48691
48705
48743
48783
48872
48874
48893
49065
49077
49084
49108
49217
49228
49234
49384
49522
49545
49624
49745
49852
49891
49892
49946
50022
50078
50182
50256
50350
50509
50523
50534
50585
50716
50769
50846
50863
50870
50881
50957
51162
51221
51222
51666
51678
51686
51710
51721
51770
51779
51897
51904
51932
52009
52016
52126
52128
52173
52189
52212
52238
52296
52309
52316
52343
52401
52403
52475
52551
52740
52863
52890
52903
52921
52935
52983
53057
53140
53162
53202
53298
53328
53516
53532
53581
53674
53781
53798
53872
53946
53950
53963
53980
54081
54104
54135
54137
54207
54269
54314
54326
54340
54356
54411
54670
54690
54785
54851
54913
55222
55253
55298
55400
55405
55471
55512
55563
55609
55632
55649
55666
55677
55721
55754
55774
55807
55869
55874
55923
56181
56353
56393
56407
56498
56586
56606
56618
56785
56806
56928
56963
56976
57095
57339
57569
57574
57641
57661
57699
57810
57830
57856
57871
57915
57927
57962
58031
58115
58196
58301
58349
58384
58416
58448
58500
58588
58594
58697
58706
58735
58869
59093
59112
59189
59194
59204
59284
59323
59419
59442
59467
59507
59509
59545
59557
59618
59737
59754
59957
60058
60086
60123
60180
60257
60285
60480
60719
60729
60759
60946
60968
60971
61037
61065
61114
61138
61209
61248
61309
61314
61325
61358
61390
61441
61452
61589
61599
61688
61767
61792
61927
61968
61982
61986
62016
62232
62300
62370
62394
62488
62518
62555
62565
62620
62669
62692
62758
62770
62797
62835
62851
62862
62910
62946
62973
62979
62988
63032
63067
63165
63236
63269
63359
63500
63532
63536
63546
63583
63632
63716
63740
63750
63764
63774
63777
63789
63803
63883
63983
63986
64029
64038
64084
64169
64177
64184
64224
64358
64411
64419
64447
64485
64534
64636
64698
64717
64751
64788
64796
64869
64909
64928
65105
65164
65181
65188
65196
65228
65257
65267
65305
65314
65341
65376
65432
65449
65512
65547
65560
65581
65623
65660
65667
65697
65867
66025
66043
66054
66169
66324
66365
66371
66441
66553
66600
66711
66771
66809
66999
67058
67072
67168
67173
67196
67383
67454
67481
67509
67650
67724
67826
67845
67868
67880
67967
67992
68028
68072
68087
68092
68173
68185
68224
68354
68450
68481
68498
68516
68535
68555
68597
68621
68650
68651
68792
68802
68816
68922
68932
68954
69070
69084
69205
69247
69334
69336
69350
69365
69518
69621
69633
69639
69918
70006
70067
70127
70137
70378
70441
70458
70467
70753
70775
70809
70827
70867
70930
70945
70957
70976
71006
71040
71064
71077
71112
71145
71169
71228
71248
71300
71401
71491
71504
71560
71606
71703
71708
71721
71735
71803
71835
71943
72033
72085
72112
72196
72240
72381
72408
72558
72588
72690
72695
72793
72839
72990
73015
73051
73141
73277
73297
73307
73321
73466
73471
73530
73642
73646
73767
73792
73856
73897
73905
73918
73921
74010
74095
74157
74409
74421
74509
74626
74715
74738
74758
74826
74943
75036
75323
75410
75457
75511
75613
75773
75827
75843
75943
75959
75981
75984
76007
76131
76151
76630
76650
76747
76760
76833
76902
76913
76950
77009
77049
77134
77166
77179
77224
77241
77338
77340
77348
77390
77414
77492
77496
77506
77636
77842
77931
77934
77976
78123
78155
78342
78379
78452
78506
78519
78604
78656
78676
78757
78868
78938
78986
79011
79040
79072
79271
79308
79336
79360
79400
79457
79627
79657
79703
79727
79748
79790
79894
80001
80003
80146
80208
80215
80280
80283
80293
80362
80381
80477
80509
80605
80656
80696
80698
80784
80789
80819
80917
80977
80992
81013
81032
81122
81127
81131
81166
81303
81366
81371
81468
81518
81554
81606
81674
81885
82016
82040
82126
82161
82238
82264
82320
82462
82577
82680
82776
82806
82857
82869
82942
82956
83015
83161
83305
83323
83350
83393
83415
83435
83460
83641
83658
83719
83974
84053
84096
84109
84165
84191
84218
84235
84299
84470
84546
84561
84707
84731
84817
84823
84850
84905
84961
84969
84974
85036
85208
85303
85313
85404
85486
85515
85613
85672
85706
85708
85792
85928
85972
86013
86031
86141
86207
86273
86292
86409
86683
86818
86867
86964
87022
87060
87321
87370
87433
87522
87577
87595
87694
87756
87792
87813
87927
87978
88018
88034
88052
88218
88421
88551
88586
88611
88770
88795
88803
88804
88953
88973
89016
89027
89090
89236
89285
89318
89331
89356
89371
89386
89405
89417
89436
89641
89693
89878
89880
89987
90046
90174
90310
90404
90507
90539
90711
90762
90807
90896
90915
90944
91034
91070
91094
91106
91246
91346
91450
91463
91553
91600
91751
91979
92040
92062
92102
92351
92432
92433
92529
92588
92787
93080
93125
93132
93169
93250
93267
93283
93367
93390
93419
93453
93461
93462
93509
93541
93801
93836
93862
93931
94019
94074
94143
94166
94188
94295
94396
94546
94557
94598
94609
94616
94667
94700
94704
94712
94800
94813
94863
94968
94986
95045
95224
95419
95457
95514
95615
95762
95794
95830
95893
96031
96161
96251
96297
96376
96438
96497
96506
96508
96556
96590
96656
96752
96798
96835
96849
97006
97163
97336
97369
97417
97438
97460
97470
97482
97498
97659
97674
97695
97727
97868
97875
97954
97996
98242
98472
98619
98628
98657
98660
98773
98829
98867
99078
99105
99114
99147
99161
99375
99422
99510
99595
99673
99723
99764
99913
99961
100190
100192
100218
100244
100255
100337
100477
100542
100553
100658
100789
100828
100947
100998
101001
101091
101104
101189
101194
101308
101313
101381
101392
101447
101571
101600
101668
101682
101711
101738
101789
101918
101934
101945
102057
102214
102229
102247
102401
102466
102577
102659
102691
102906
102913
102974
103101
103198
103238
103385
103458
103481
103485
103533
103535
103580
103615
103709
103726
103740
103770
103790
103839
104059
104063
104091
104219
104353
104380
104408
104445
104495
104508
104548
104569
104574
104638
104749
104772
104792
104815
104885
104899
105001
105036
105070
105120
105141
105149
105152
105182
105242
105253
105313
105318
105557
105588
105708
105754
105780
105867
105886
105975
105977
106052
106120
106216
106284
106285
106422
106439
106469
106609
106879
106921
106988
107022
107121
107136
107202
107402
107466
107478
107538
107553
107596
107721
107804
107862
107868
107903
108292
108311
108349
108437
108439
108491
108499
108509
108522
108586
108594
108652
108657
108784
108798
108989
109027
109131
109223
109253
109484
109485
109492
109500
109501
109525
109547
109575
110032
110043
110092
110225
110304
110306
110362
110384
110487
110523
110537
110662
110715
110752
110918
110967
110991
111151
111290
111345
111477
111722
111858
111882
111969
111988
112020
112055
112153
112253
112324
112355
112486
112686
112720
112762
112819
112863
112975
113043
113046
113140
113237
113357
113392
113463
113469
113477
113484
113490
113501
113570
113772
113842
113886
113937
114038
114181
114242
114251
114272
114337
114441
114481
114497
114500
114510
114550
114614
114691
114697
114700
114823
114893
114900
114971
115097
115114
115155
115179
115193
115245
115319
115336
115390
115419
115457
115474
115542
115547
115587
115591
115603
115614
115701
115908
115912
115954
116007
116050
116123
116208
116213
116290
116300
116304
116327
116429
116660
116690
116790
116901
116977
117086
117131
117260
117309
117332
117367
117378
117438
117478
117648
117660
117774
117819
117853
117885
117966
118051
118141
118371
118452
118538
118655
118854
118890
119001
119032
119050
119053
119112
119145
119173
119176
119186
119361
119377
119423
119472
119698
119752
119824
119889
119908
119929
120004
120031
120054
120170
120174
120256
120269
120385
120434
120441
120492
120540
120676
120719
120728
120771
120863
120924
120965
121360
121400
121434
121470
121473
121548
121580
121605
121645
121707
121713
121726
121742
121847
121872
121883
121903
121909
121939
121968
122027
122085
122097
122119
122152
122214
122289
122432
122559
122583
122611
122617
122632
122684
122712
122738
122831
122874
122928
122957
123075
123117
123225
123278
123300
123371
123378
123438
123458
123463
123482
123505
123509
123528
123546
123622
123647
123653
123670
123727
123790
123806
123852
124051
124224
124227
124321
124404
124425
124480
124487
124498
124507
124509
124580
124626
124655
124860
124907
125061
125155
125244
125277
125298
125323
125343
125418
125467
125476
125556
125636
125661
125807
125839
125867
125963
125967
126045
126217
126278
126514
126692
126699
126732
126767
126783
126912
126964
127032
127040
127071
127088
127095
127147
127173
127180
127277
127382
127383
127420
127479
127545
127582
127584
127608
127630
127670
127781
127821
127866
127887
127966
128086
128196
128255
128652
128662
128671
128739
128766
128859
128864
128869
128949
129026
129155
129279
129307
129311
129408
129466
129490
129565
129610
129625
129743
129782
129797
129815
129874
129880
129926
130089
130136
130156
130204
130264
130471
130477
130478
130497
130537
130558
130682
130701
130773
130887
131158
131255
131272
131572
131598
131618
131703
131803
131844
131892
132016
132118
132191
132212
132265
132455
132674
132682
132770
132796
132854
132879
132964
132980
133094
133229
133245
133251
133406
133442
133494
133500
133514
133531
133542
133602
133915
134113
134121
134200
134203
134215
134278
134300
134383
134521
134561
134605
134606
134632
134725
134760
134940
135010
135061
135143
135173
135271
135301
135320
135327
135397
135445
135511
135530
135722
135756
135767
135870
135900
135980
135982
136064
136129
136230
136276
136343
136510
136645
136722
136829
136843
136922
136999
137035
137039
137093
137142
137285
137302
137367
137441
137543
137573
137602
137623
137687
137719
137725
137792
137809
137858
137882
137979
138020
138098
138185
138236
138320
138410
138445
138484
138514
138582
138587
138740
138741
138822
138842
139071
139081
139097
139136
139178
139223
139251
139259
139334
139372
139417
139556
139621
139673
139853
139883
139898
139943
139993
139999
140021
140056
140076
140106
140133
140151
140249
140336
140369
140377
140452
140563
140845
141072
141270
141326
141454
141478
141503
141603
141627
141646
141728
141777
141806
141872
141914
142336
142391
142433
142438
142468
142481
142540
142593
142646
142663
142689
142706
142713
142805
142871
142876
142958
142976
143052
143123
143128
143173
143240
143293
143299
143321
143392
143413
143441
143473
143500
143678
143694
143795
143812
143820
144002
144094
144126
144178
144285
144286
144299
144595
144602
144692
144709
144885
144907
144941
144981
145154
145175
145191
145330
145493
145503
145566
145596
145613
145721
145801
145849
145863
145865
145932
145970
146007
146054
146076
146093
146194
146332
146433
146480
146484
146559
146586
146636
146738
146755
146765
146843
146846
147003
147086
147088
147170
147204
147316
147365
147400
147546
147567
147707
147733
147813
147825
148086
148192
148309
148344
148400
148423
148455
148489
148526
148587
148691
148756
148760
148915
149036
149237
149280
149337
149342
149374
149492
149639
149685
149739
149788
149855
149906
149964
149983
150165
150321
150343
150373
150407
150447
150495
150561
150581
150623
150700
150747
150750
150783
150784
150799
150857
150928
150932
150994
151041
151048
151056
151074
151237
151366
151441
151455
151540
151542
151551
151579
151591
151600
151654
151681
151710
151724
151732
151737
151748
151788
151846
151861
151976
152014
152063
152150
152172
152198
152213
152415
152434
152448
152476
152508
152709
152768
152780
152785
152899
152986
153004
153053
153169
153191
153195
153220
153284
153288
153327
153378
153474
153541
153640
153641
153677
153824
153875
153934
153976
153991
154053
154067
154072
154080
154095
154129
154187
154223
154270
154284
154334
154404
154483
154537
154610
154691
154701
154739
155033
155099
155101
155135
155266
155274
155276
155415
155454
155725
155739
155773
155785
155887
155943
155948
156005
156012
156160
156191
156222
156235
156256
156385
156556
156562
156610
156615
156639
156648
156753
156878
156918
156932
156963
157037
157083
157117
157176
157272
157381
157460
157559
157644
157651
157765
157858
157868
157887
157903
157984
158014
158023
158071
158134
158150
158238
158277
158333
158502
158553
158605
158642
158669
158689
158705
158848
158865
158973
159071
159103
159142
159225
159292
159374
159386
159497
159516
159518
159567
159609
159636
159642
159673
159684
159818
159827
159959
160070
160074
160136
160205
160240
160303
160307
160311
160425
160493
160496
160542
160623
160635
160658
160708
160768
160769
160778
160845
160890
161007
161015
161091
161232
161267
161331
161344
161375
161383
161575
161612
161624
161631
161773
161807
161867
161972
162002
162012
162016
162108
162219
162222
162308
162505
162687
162937
162952
163028
163047
163187
163444
163464
163487
163582
163618
163624
163644
163697
163719
163801
163824
163945
164149
164232
164261
164281
164396
164441
164470
164482
164509
164522
164551
164584
164719
164793
164817
164866
164877
164878
164926
164936
165001
165065
165125
165126
165127
165135
165147
165356
165517
165531
165541
165576
165602
165677
165761
165780
165859
165961
166061
166174
166361
166375
166381
166480
166515
166600
166607
166697
166711
166728
166905
167006
167031
167207
167333
167359
167483
167484
167511
167554
167589
167614
167665
167700
167764
167839
167857
167894
167895
167940
167961
167985
167996
168026
168190
168197
168209
168216
168302
168308
168314
168372
168398
168410
168417
168614
168743
168848
168984
169011
169032
169101
169109
169114
169164
169188
169212
169232
169285
169293
169350
169357
169382
169422
169543
169578
169688
169733
169752
169778
170046
170097
170247
170264
170275
170351
170439
170451
170461
170533
170540
170777
170894
170978
170991
171095
171164
171394
171407
171433
171501
171549
171584
171636
171733
171746
171802
171821
171943
172096
172101
172120
172147
172162
172182
172201
172290
172313
172330
172362
172417
172435
172443
172459
172483
172522
172602
172630
172643
172647
172650
172676
172683
172740
172854
172889
173163
173262
173497
173540
173632
173633
173710
173819
173835
173922
173950
174002
174261
174331
174374
174436
174496
174504
174547
174562
174650
174654
174664
174981
175030
175036
175124
175371
175423
175530
175537
175599
175607
175689
175691
175772
175877
175908
175945
175982
176015
176038
176079
176226
176260
176283
176368
176515
176539
176677
176689
176693
176804
176873
176882
176932
176940
176943
177037
177071
177131
177143
177179
177217
177326
177435
177499
177585
177668
177822
177856
177888
177984
178220
178246
178264
178461
178510
178604
178631
178677
178760
178762
178895
178918
178925
178981
179172
179205
179326
179398
179453
179534
179602
179701
179705
179725
179793
179815
179913
180019
180040
180098
180100
180164
180320
180378
180481
180492
180542
180546
180644
180678
180754
180969
180996
181126
181143
181198
181200
181238
181261
181317
181532
181538
181575
181596
181804
181811
181895
181944
181946
182206
182223
182237
182349
182385
182462
182512
182635
182807
182882
182957
182978
182989
182991
183081
183132
183155
183161
183222
183255
183547
183573
183618
183649
183811
183818
183922
184045
184145
184203
184213
184273
184283
184313
184369
184400
184469
184495
184539
184594
184678
184795
184843
184880
185019
185024
185070
185198
185260
185269
185293
185371
185447
185467
185521
185618
185642
185711
185754
185853
185868
185954
186093
186209
186281
186524
186550
186553
186606
186625
186668
186685
186712
186823
186825
186851
186947
186960
187021
187022
187038
187094
187164
187207
187300
187377
187397
187403
187491
187511
187598
187647
187667
187802
187807
187845
187859
187886
188086
188212
188226
188250
188286
188295
188332
188344
188394
188547
188550
188560
188587
188608
188654
188733
188796
188823
188880
188918
188973
189034
189037
189042
189151
189284
189413
189599
189604
189748
189809
189878
189937
189946
190003
190006
190126
190172
190256
190264
190291
190307
190318
190426
190567
190733
190803
190923
191042
191087
191270
191401
191444
191565
191680
191683
191892
191897
191902
191991
191994
192182
192248
192322
192433
192521
192571
192607
192682
192741
192823
192839
192977
193005
193016
193039
193163
193165
193264
193441
193449
193526
193564
193569
193583
193666
193753
193784
193815
193845
193888
193986
194003
194126
194151
194157
194164
194335
194404
194434
194436
194457
194503
194552
194576
194587
194733
194868
194908
194947
194967
195029
195093
195138
195220
195325
195527
195633
195666
195696
195726
195738
195763
195795
195803
195846
195918
195949
196050
196096
196191
196211
196218
196254
196278
196388
196457
196458
196478
196689
196744
196764
196840
196856
196944
196946
197082
197103
197117
197118
197132
197141
197155
197261
197335
197431
197434
197463
197488
197634
197655
197722
197775
197792
197845
197847
197861
198101
198126
198150
198203
198281
198289
198321
198362
198423
198484
198498
198550
198583
198584
198613
198648
198668
198751
198777
198778
198924
198950
199075
199110
199151
199211
199234
199308
199348
199372
199525
199617
199622
199745
199810
199915
199980
199986
199997
200049
200054
200201
200353
200389
200467
200491
200693
200723
200839
200876
200966
200975
200993
201052
201129
201149
201263
201301
201397
201401
201481
201679
201694
201732
201873
201963
201983
202000
202021
202032
202044
202048
202095
202120
202128
202136
202169
202187
202255
202314
202327
202341
202403
202445
202470
202583
202687
202845
202851
203027
203179
203191
203223
203310
203322
203360
203373
203405
203518
203587
203699
203702
203735
203739
203765
203843
203854
203877
203908
203947
204078
204094
204112
204204
204207
204296
204306
204325
204364
204368
204455
204477
204529
204572
204584
204622
204680
204772
204792
204793
204802
204913
204948
205051
205073
205278
205350
205359
205438
205480
205539
205544
205571
205661
205670
205790
205959
206059
206073
206108
206186
206209
206223
206226
206270
206279
206374
206449
206515
206559
206577
206642
206673
206834
206905
206931
206951
206954
207059
207175
207233
207291
207311
207341
207370
207393
207446
207448
207531
207542
207554
207719
207784
207792
207943
208066
208102
208340
208401
208572
208585
208658
208660
208685
208762
208778
208779
208906
208943
209012
209082
209119
209168
209282
209356
209385
209443
209506
209574
209700
209768
209919
209925
209949
209952
210105
210155
210241
210268
210342
210358
210365
210425
210455
210471
210582
210609
210618
210630
210662
210824
210828
210835
210936
211138
211143
211153
211157
211211
211265
211359
211528
211792
211813
212008
212025
212032
212083
212092
212126
212177
212244
212285
212335
212394
212443
212478
212496
212507
212517
212554
212572
212575
212635
212692
212695
212830
212897
212941
212969
213147
213149
213188
213249
213268
213370
213635
213649
213653
213708
213712
213750
213751
213884
213903
213914
214057
214124
214186
214225
214255
214258
214265
214293
214308
214510
214560
214565
214580
214583
214596
214610
214712
214828
214833
214898
214935
215119
215135
215199
215231
215354
215376
215381
215410
215485
215591
215601
215688
215822
215884
215889
215980
216005
216052
216054
216086
216180
216181
216248
216341
216438
216481
216562
216618
216719
216828
216958
217096
217328
217404
217453
217583
217709
217731
217792
217829
217883
217991
218175
218185
218193
218221
218252
218272
218293
218591
218617
218692
218695
218743
218794
218861
218975
219066
219265
219280
219320
219347
219408
219421
219450
219587
219644
219645
219722
219745
219769
219771
219859
219927
219932
219943
219968
219978
220004
220191
220212
220238
220263
220318
220323
220431
220462
220518
220649
220650
220663
220672
220711
220778
220801
220848
220877
220954
220957
220962
220971
221012
221103
221116
221145
221191
221223
221249
221254
221260
221321
221330
221341
221382
221395
221405
221458
221471
221472
221604
221677
221685
221817
221939
221996
222194
222285
222319
222407
222428
222429
222431
222445
222493
222598
222732
222735
222770
222841
222862
222904
223128
223143
223145
223163
223197
223213
223274
223299
223313
223354
223357
223425
223432
223519
223521
223526
223534
223650
223696
223771
223793
223803
223862
223890
223974
223993
224049
224187
224247
224295
224351
224452
224472
224503
224656
224664
224710
224754
224766
224821
224824
224870
224881
224914
224928
225002
225008
225151
225210
225280
225341
225393
225443
225454
225521
225530
225554
225659
225706
225824
225836
225851
225871
225893
225907
225990
226168
226203
226259
226311
226361
226427
226448
226498
226529
226532
226602
226612
226616
226697
226801
226828
226856
226921
226990
227111
227135
227170
227194
227211
227313
227416
227424
227504
227530
227608
227618
227678
227705
227713
227735
227746
227780
227790
227876
227892
227928
227945
227969
227978
228002
228044
228056
228313
228350
228412
228505
228565
228667
228735
228836
228896
228939
228980
229119
229183
229298
229312
229539
229571
229745
229882
229915
229928
229984
230010
230051
230096
230109
230151
230201
230255
230259
230354
230366
230416
230470
230472
230481
230487
230562
230568
230598
230660
230670
230801
230887
230892
230988
231011
231080
231116
231186
231188
231312
231319
231385
231495
231639
231677
231823
231964
231996
232069
232100
232136
232177
232202
232239
232342
232350
232391
232416
232540
232555
232573
232675
232689
232693
232724
232744
232782
233021
233100
233106
233131
233170
233180
233276
233436
233497
233499
233539
233591
233627
233672
233762
233775
233867
233916
233924
233983
234070
234086
234152
234167
234197
234288
234343
234369
234372
234566
234662
234844
234848
234973
234976
235105
235178
235211
235226
235260
235350
235849
235860
235888
235902
236166
236175
236197
236200
236229
236230
236357
236394
236422
236486
236725
236746
236815
236880
236929
236965
236966
236999
237027
237031
237032
237049
237160
237182
237197
237284
237291
237323
237401
237436
237524
237553
237561
237582
237587
237713
237931
238043
238140
238144
238279
238289
238348
238372
238543
238591
238609
238615
238626
238713
238754
238788
238835
238910
239012
239030
239075
239104
239236
239305
239359
239402
239423
239432
239494
239613
239665
239682
239691
239715
239838
239842
239931
239937
240016
240043
240070
240076
240229
240415
240448
240532
240615
240639
240669
240689
240710
240738
240779
240786
240854
240930
240957
240996
241005
241099
241127
241138
241145
241153
241179
241380
241590
241612
241652
241662
241690
241709
241803
241819
241822
241847
241902
241957
242026
242029
242134
242145
242178
242261
242372
242377
242491
242649
242773
242916
242975
243019
243136
243162
243310
243406
243411
243425
243485
243535
243648
243685
243731
243845
243879
244019
244044
244091
244132
244163
244172
244195
244292
244294
244324
244461
244516
244541
244626
244717
244760
244821
244851
244993
245069
245129
245132
245154
245202
245402
245459
245493
245634
245646
245749
245796
245811
245856
245858
245888
246026
246271
246272
246367
246396
246412
246649
246666
246668
246750
246815
246851
247002
247050
247069
247134
247145
247251
247284
247349
247363
247383
247439
247464
247496
247581
247594
247702
247733
247734
247738
247771
247898
247945
247974
248073
248137
248235
248280
248318
248348
248483
248584
248612
248697
248734
248782
248811
248814
248905
249093
249109
249440
249616
249618
249635
249676
249765
249777
249801
249889
249902
250014
250154
250180
250194
250198
250293
250438
250553
250617
250731
250748
250789
250799
250815
250913
250924
250954
251021
251044
251079
251106
251123
251200
251241
251243
251294
251304
251326
251445
251467
251575
251796
251822
251938
251963
252188
252327
252333
252421
252604
252661
252770
252864
253107
253115
253179
253276
253403
253412
253446
253473
253544
253584
253603
253705
253819
253831
253834
253974
254124
254137
254138
254179
254343
254380
254401
254425
254438
254444
254460
254492
254560
254722
254859
254867
254965
255025
255031
255148
255176
255257
255406
255422
255447
255566
255576
255621
255633
255646
255923
255950
256002
256012
256058
256103
256245
256306
256334
256371
256438
256443
256469
256581
256635
256653
256676
256735
256837
256873
256880
256902
256939
256964
257049
257132
257177
257220
257234
257236
257256
257277
257462
257600
257634
257677
257815
257820
257854
257891
257901
257997
258421
258470
258482
258495
258539
258725
258832
258883
258983
259144
259153
259161
259195
259245
259252
259316
259323
259502
259530
259551
259616
259723
259733
259735
259856
259894
259948
260014
260025
260087
260153
260191
260198
260412
260440
260707
260754
260768
260792
260799
260800
260921
260963
261050
261057
261253
261271
261350
261377
261386
261443
261532
261646
261759
261976
262009
262033
262042
262153
262168
262212
262333
262456
262457
262480
262635
262654
262672
262711
262744
262814
262881
263010
263177
263222
263267
263330
263339
263565
263654
263700
263709
263754
263816
263876
263980
263981
264076
264090
264109
264156
264178
264198
264246
264266
264369
264383
264396
264494
264559
264658
264686
264714
264861
264885
264912
264988
265144
265176
265196
265361
265463
265474
265503
265535
265572
265673
265675
265687
265702
265721
265775
265822
265857
265875
265977
265989
266007
266064
266127
266165
266192
266239
266298
266300
266379
266432
266474
266488
266584
266631
266693
266758
266799
266911
266924
266993
267032
267040
267061
267101
267125
267215
267218
267264
267338
267381
267481
267529
267532
267621
267673
267744
267762
267836
267887
267934
268001
268093
268172
268187
268268
268345
268378
268400
268482
268496
268516
268534
268535
268541
268546
268582
268706
268766
268825
268831
268860
269033
269080
269112
269124
269130
269200
269207
269235
269245
269325
269361
269451
269466
269487
269647
269709
269797
269889
270041
270061
270100
270148
270267
270300
270308
270362
270371
270392
270419
270439
270446
270458
270459
270488
270534
270543
270616
270648
270676
270835
270913
270949
271174
271276
271315
271321
271342
271358
271482
271484
271517
271649
271700
271740
271752
271785
271813
271903
272075
272395
272404
272416
272423
272441
272474
272476
272530
272679
272707
272742
272824
272956
273043
273189
273206
273294
273307
273424
273459
273482
273502
273596
273642
273651
273663
273744
273748
273768
273802
273814
273820
273847
273880
273890
273927
273980
274053
274054
274145
274201
274219
274227
274231
274259
274282
274291
274361
274414
274483
274527
274665
274737
274744
274835
275001
275099
275124
275145
275153
275173
275242
275266
275306
275329
275364
275381
275448
275459
275485
275496
275547
275623
275664
275680
275698
275701
275746
275861
275896
275944
275956
275976
276029
276089
276105
276162
276182
276275
276343
276752
276800
276941
277127
277178
277193
277272
277292
277388
277407
277430
277446
277450
277624
277666
277668
277743
278014
278021
278044
278052
278295
278414
278444
278462
278489
278517
278571
278657
278670
278702
278720
278750
278762
278767
278793
278827
278836
279173
279255
279430
279584
279611
279679
279699
279741
279747
279815
279904
279916
279940
280002
280050
280124
280138
280187
280196
280352
280366
280542
280544
280589
280594
280616
280621
280636
280638
280660
280661
280677
280688
280703
280721
280769
280869
281014
281017
281114
281268
281372
281402
281413
281564
281611
281650
281683
281689
281691
281787
281875
281917
281957
281968
281975
282070
282256
282376
282680
282868
282883
282948
283003
283053
283146
283156
283273
283493
283587
283694
283710
283727
283784
283792
283826
283840
283905
283949
284033
284058
284112
284117
284269
284318
284324
284338
284525
284545
284562
285131
285153
285204
285282
285397
285490
285576
285598
285630
285718
285747
285827
285867
285878
285881
285893
285979
286025
286059
286136
286157
286173
286297
286316
286358
286397
286413
286483
286508
286530
286539
286542
286587
286596
286603
286646
286662
286819
286837
286934
286988
287146
287270
287278
287310
287317
287345
287373
287421
287476
287495
287502
287598
287634
287694
287804
287868
287876
287933
287973
287991
288041
288102
288178
288232
288271
288374
288404
288494
288495
288498
288553
288592
288631
288666
288672
288711
288911
288964
289015
289067
289166
289200
289268
289354
289362
289451
289533
289579
289625
289656
289683
289718
289743
289796
289829
289918
289992
290037
290058
290079
290081
290107
290133
290261
290372
290374
290413
290572
290581
290591
290614
290677
290798
290803
290804
290865
290896
290924
290936
290991
291024
291140
291154
291188
291253
291288
291335
291350
291363
291488
291529
291699
291792
291831
291918
292013
292078
292101
292134
292225
292235
292281
292429
292474
292546
292561
292562
292585
292603
292928
292970
292973
292978
292980
292986
293004
293059
293081
293190
293217
293348
293364
293368
293418
293478
293600
293789
293846
293953
293967
294066
294067
294134
294200
294249
294318
294336
294363
294433
294520
294621
294648
294722
294760
294827
294852
294905
295012
295078
295157
295192
295221
295229
295235
295408
295576
295596
295635
295649
295653
295737
295743
295773
295996
296043
296072
296103
296145
296150
296235
296352
296430
296543
296626
296640
296672
296735
296764
296826
296836
296894
296896
296948
297006
297016
297057
297103
297137
297141
297243
297263
297336
297418
297422
297485
297507
297535
297604
297646
297652
297789
297843
297905
298071
298089
298189
298267
298374
298487
298518
298520
298524
298585
298663
298706
298742
298770
298819
298987
298992
299024
299026
299027
299048
299053
299084
299101
299126
299145
299211
299213
299255
299447
299512
299514
299759
299812
299877
299996
300074
300109
300147
300151
300168
300172
300323
300368
300429
300481
300515
300560
300565
300617
300674
300726
300880
300970
301004
301014
301023
301032
301053
301224
301508
301620
301773
301802
301848
301922
301927
301931
301977
302036
302112
302168
302209
302226
302274
302474
302540
302639
302657
302679
302684
302703
302772
302825
302860
302871
302890
302928
302961
303090
303102
303289
303400
303474
303557
303653
303794
303892
304013
304077
304151
304160
304167
304194
304251
304287
304309
304376
304406
304419
304423
304424
304436
304445
304492
304589
304651
304693
304698
304707
304769
304895
304901
304984
304998
305186
305216
305220
305264
305293
305564
305585
305628
305688
305738
305756
305799
305808
305818
305849
305947
305994
306072
306083
306246
306269
306335
306364
306452
306546
306725
306788
306792
306820
306925
306926
306950
306959
306977
307089
307232
307301
307329
307360
307480
307550
307578
307588
307711
307737
307750
307788
307791
307809
307817
307832
307910
307949
308045
308130
308162
308321
308447
308504
308557
308608
308676
308794
308879
309036
309246
309300
309335
309363
309426
309503
309525
309652
309696
309760
309949
309951
310147
310195
310228
310379
310415
310421
310496
310515
310625
310639
310645
310651
310657
310731
310741
310787
310801
310803
310921
310942
311052
311085
311196
311206
311287
311316
311381
311414
311421
311426
311628
311699
311702
311738
311794
311860
311895
311958
312020
312036
312110
312119
312188
312269
312310
312329
312391
312454
312499
312503
312506
312575
312701
312714
312776
312844
312987
313141
313702
313716
313750
313998
314004
314106
314178
314196
314209
314254
314340
314389
314403
314419
314499
314706
314710
314734
314873
314922
314981
314999
315010
315030
315075
315076
315236
315507
315512
315532
315560
315603
315611
315650
315702
315703
315809
315817
315844
315911
316174
316253
316397
316425
316505
316532
316594
316628
316691
316692
316709
316789
316809
316916
316998
317001
317043
317062
317110
317159
317205
317230
317250
317292
317416
317432
317534
317643
317648
317682
317705
317728
317815
317857
317955
318047
318111
318196
318500
318529
318566
318654
318673
318760
318783
318846
318983
319203
319205
319221
319257
319267
319379
319391
319448
319455
319459
319460
319487
319561
319638
319654
319657
319706
319879
319904
319921
319940
320136
320151
320179
320246
320376
320416
320502
320505
320523
320551
320561
320625
320694
320775
320780
320822
320953
320994
321023
321057
321183
321199
321234
321252
321314
321372
321444
321447
321466
321595
321860
321939
322008
322044
322090
322189
322273
322327
322422
322492
322595
322722
322766
322786
322886
322887
323029
323050
323108
323163
323300
323309
323562
323573
323605
323712
323746
323775
323788
323813
323865
323933
323947
324072
324119
324137
324167
324240
324393
324429
324453
324469
324484
324505
324510
324536
324600
324603
324696
324708
324721
324734
324863
324872
324893
325006
325044
325053
325200
325229
325238
325266
325363
325374
325378
325441
325507
325537
325554
325600
325621
325647
325650
325663
325772
325781
325892
325915
325961
326057
326111
326139
326233
326313
326384
326399
326499
326625
326703
326759
326773
326802
326892
326932
326991
327012
327043
327113
327191
327331
327521
327618
327636
327762
327829
327951
327972
327991
328020
328054
328059
328146
328195
328221
328361
328415
328441
328535
328635
328853
328902
328935
328981
328985
329004
329221
329238
329270
329321
329370
329425
329428
329712
329842
329928
329947
329991
330049
330090
330198
330281
330340
330406
330440
330589
330624
330655
330881
330913
330923
330989
331300
331323
331380
331394
331425
331811
331913
331991
332105
332128
332205
332207
332365
332496
332506
332511
332566
332637
332647
332687
332756
332783
332869
332897
332934
333121
333129
333168
333175
333196
333209
333359
333385
333777
333826
333837
333908
334002
334036
334072
334090
334137
334150
334163
334183
334216
334221
334326
334335
334572
334613
334616
334644
334701
334718
334726
334800
334917
335050
335053
335164
335176
335177
335374
335516
335544
335570
335607
335638
335649
335692
335705
335789
335862
335875
336103
336164
336188
336371
336472
336486
336581
336609
336673
336702
336815
336942
336994
337053
337075
337239
337264
337282
337291
337315
337359
337431
337501
337504
337564
337584
337911
338020
338021
338072
338090
338122
338185
338213
338228
338253
338465
338503
338577
338785
338857
338974
339020
339027
339127
339140
339182
339237
339281
339389
339434
339437
339642
339709
339856
339869
339929
339987
340053
340065
340089
340217
340263
340290
340330
340332
340388
340417
340478
340682
340724
340745
340830
340838
340877
340947
340987
340993
341099
341239
341274
341287
341427
341429
341475
341487
341525
341628
341820
341885
341900
341915
341956
342146
342185
342266
342295
342311
342365
342428
342456
342472
342479
342687
342876
342885
342960
342974
343034
343054
343063
343108
343119
343178
343205
343266
343287
343344
343352
343458
343741
343744
343812
344089
344128
344212
344227
344320
344335
344337
344340
344422
344432
344467
344581
344586
344647
344665
344684
344764
344772
344897
344960
345004
345025
345073
345099
345190
345226
345296
345340
345484
345509
345555
345649
345668
345713
345716
345736
345843
345921
345973
346033
346091
346164
346273
346369
346439
346448
346524
346547
346657
346678
346819
346842
346890
346891
346914
346968
347055
347176
347215
347321
347353
347420
347427
347493
347572
347591
347647
347650
347855
347935
348193
348422
348563
348564
348578
348642
348716
348738
348780
348801
348878
349054
349104
349175
349214
349333
349402
349457
349523
349569
349574
349615
349751
349812
349851
349857
349904
349925
349965
349998
350094
350180
350458
350558
350681
350686
350853
350874
350917
350977
351039
351044
351115
351129
351269
351286
351315
351335
351375
351455
351623
351637
351699
351796
351980
351986
352068
352114
352151
352297
352353
352364
352393
352476
352526
352598
352648
352740
353020
353026
353053
353086
353147
353212
353229
353266
353338
353367
353429
353513
353543
353547
353619
353629
353704
353787
353827
353845
353876
353927
353970
354090
354093
354152
354214
354261
354265
354302
354350
354434
354573
354643
354834
354852
354903
354935
355082
355127
355168
355185
355335
355364
355388
355551
355669
355674
355967
355978
355996
356028
356071
356101
356133
356142
356189
356241
356274
356341
356347
356371
356395
356448
356512
356556
356574
356652
356758
356762
356792
356816
356866
356900
356961
357015
357039
357097
357174
357276
357312
357322
357345
357347
357404
357423
357443
357475
357522
357538
357558
357562
357599
357637
357642
357687
357740
357812
357850
357864
357876
357883
357970
357975
358048
358103
358127
358129
358131
358179
358270
358283
358307
358511
358533
358664
358720
358734
358740
358767
358808
358869
358877
358891
358911
358994
359096
359098
359129
359135
359184
359299
359371
359450
359468
359489
359608
359619
359631
359653
359659
359698
359702
359720
359874
359960
359990
360067
360068
360165
360168
360264
360307
360309
360438
360483
360499
360517
360553
360576
360675
360679
360800
360859
360866
360923
360962
361080
361105
361175
361183
361282
361360
361417
361508
361510
361622
361706
361744
361780
361889
361990
362082
362181
362198
362305
362358
362367
362375
362451
362468
362476
362491
362549
362611
362773
362794
362840
362995
363015
363084
363117
363211
363218
363222
363312
363362
363403
363443
363448
363501
363548
363932
363979
363981
364137
364168
364290
364339
364356
364377
364476
364625
364789
364988
364990
364995
365044
365075
365108
365128
365255
365272
365316
365442
365456
365494
365512
365553
365739
365769
365783
365796
365825
365854
365920
365935
365941
365945
365949
365992
366343
366406
366508
366572
366625
366718
366750
366779
366797
366835
366972
366979
367036
367094
367145
367208
367275
367312
367319
367391
367424
367525
367557
367649
367661
367680
367721
367723
367787
367868
367916
367973
367985
368059
368071
368091
368159
368243
368308
368421
368469
368486
368509
368630
368769
368785
368801
368841
368861
368890
369010
369025
369073
369116
369123
369244
369259
369267
369293
369311
369396
369412
369664
369681
369717
369770
369875
369913
369915
369937
369998
370002
370029
370034
370359
370450
370619
370743
370842
370910
370947
371029
371105
371345
371358
371629
371783
371784
371787
371963
371991
372032
372122
372135
372148
372237
372449
372577
372672
372721
372755
372771
372849
372901
372935
372957
372967
373014
373035
373058
373114
373164
373180
373277
373288
373296
373297
373498
373529
373663
373679
373741
373773
373879
373890
373896
373935
374009
374289
374450
374540
374575
374587
374625
374714
374716
374810
374851
374929
