56
93
121
132
138
174
213
223
248
250
302
329
336
346
347
358
394
412
418
426
434
454
501
575
589
705
709
742
748
788
790
799
812
826
911
942
957
978
1022
1049
1121
1123
1147
1253
1262
1264
1275
1334
1394
1449
1456
1532
1587
1620
1670
1700
1748
1751
1752
1754
1777
1793
1826
1832
1846
1847
1861
1870
1888
1974
1984
1986
2034
2064
2107
2160
2173
2175
2185
2204
2216
2246
2257
2264
2285
2315
2330
2331
2418
2429
2431
2450
2559
2578
2614
2672
2678
2685
2721
2769
2772
2807
2810
2824
2836
2844
2849
2854
2968
2974
2976
2977
2996
2998
3023
3034
3035
3060
3128
3142
3285
3341
3376
3441
3450
3457
3475
3521
3539
3592
3611
3642
3685
3703
3706
3707
3727
3752
3815
3854
3865
3891
3920
3988
4011
4020
4025
4036
4083
4129
4147
4176
4177
4191
4196
4198
4345
4371
4378
4441
4449
4453
4459
4478
4512
4518
4530
4557
4656
4681
4691
4708
4717
4769
4803
4812
4824
4834
4888
4908
4921
4941
4942
5004
5070
5077
5079
5084
5100
5166
5198
5199
5226
5229
5232
5255
5298
5311
5327
5377
5435
5443
5468
5493
5495
5532
5534
5553
5561
5569
5591
5597
5610
5649
5693
5717
5737
5765
5786
5800
5807
5819
5824
5869
5935
5948
5965
5966
5973
5974
5981
6027
6038
6043
6055
6098
6102
6161
6224
6231
6258
6262
6306
6374
6401
6407
6517
6523
6571
6602
6655
6658
6669
6730
6743
6768
6811
6814
6815
6859
6910
6915
6927
6990
7011
7015
7054
7059
7075
7096
7134
7156
7180
7186
7191
7193
7256
7268
7297
7301
7304
7400
7413
7455
7469
7472
7493
7500
7541
7545
7553
7606
7662
7717
7752
7848
7872
7885
7938
7953
7979
7999
8039
8088
8113
8140
8168
8176
8206
8237
8251
8269
8278
8280
8403
8491
8516
8532
8552
8562
8565
8594
8610
8628
8658
8664
8665
8666
8692
8752
8777
8778
8860
8862
8885
8890
8913
8925
8934
9027
9102
9129
9174
9196
9235
9239
9263
9306
9330
9349
9351
9361
9446
9466
9492
9508
9572
9590
9594
9612
9620
9648
9654
9713
9798
9801
9802
9826
9858
9886
9892
9898
9924
9977
9986
9998
10006
10082
10097
10107
10117
10134
10205
10225
10232
10234
10242
10245
10254
10297
10314
10344
10366
10411
10431
10469
10524
10531
10551
10561
10608
10646
10694
10723
10865
10874
10895
10918
10943
10947
10961
11009
11027
11037
11054
11060
11067
11078
11101
11115
11192
11252
11270
11273
11335
11376
11419
11424
11430
11498
11584
11587
11590
11626
11657
11716
11727
11741
11745
11762
11779
11782
11846
11929
11937
11997
12052
12104
12125
12132
12174
12179
12192
12211
12225
12264
12326
12355
12360
12436
12482
12487
12488
12497
12508
12524
12596
12603
12619
12640
12658
12664
12680
12717
12752
12789
12846
12862
12866
12884
12901
12935
12993
13041
13042
13045
13171
13186
13211
13213
13214
13261
13276
13283
13286
13294
13308
13322
13331
13362
13391
13403
13409
13423
13435
13453
13485
13493
13494
13531
13614
13715
13749
13761
13763
13769
13810
13825
13862
13868
13874
13962
14015
14043
14045
14077
14081
14120
14127
14141
14169
14177
14197
14214
14237
14263
14269
14270
14368
14370
14388
14467
14500
14510
14511
14638
14680
14687
14715
14725
14744
14747
14779
14787
14815
14843
14861
14863
14872
14897
14908
14921
14937
14942
14949
14950
15007
15050
15052
15057
15100
15134
15140
15144
15191
15195
15204
15219
15266
15308
15309
15421
15499
15514
15663
15715
15730
15758
15766
15791
15800
15802
15804
15865
15895
15928
15930
15939
15950
15982
16036
16082
16093
16095
16153
16179
16190
16195
16215
16277
16333
16345
16420
16444
16454
16495
16532
16551
16631
16645
16660
16673
16711
16728
16771
16789
16794
16891
16913
16930
16941
16955
16965
17097
17103
17114
17202
17241
17262
17294
17297
17311
17328
17349
17363
17376
17406
17433
17447
17481
17503
17506
17507
17525
17541
17562
17563
17580
17583
17671
17693
17713
17721
17722
17730
17734
17736
17758
17759
17783
17858
17868
17876
17895
17896
17898
17932
17960
18005
18104
18127
18142
18177
18178
18209
18238
18241
18290
18313
18319
18343
18344
18354
18366
18382
18401
18436
18441
18445
18447
18570
18613
18618
18652
18694
18727
18768
18784
18876
18880
18892
18904
18908
18950
18952
18964
18981
18985
18993
18994
19072
19092
19125
19153
19167
19184
19226
19231
19244
19261
19290
19292
19303
19308
19310
19389
19410
19426
19505
19550
19569
19641
19671
19674
19697
19698
19699
19728
19752
19753
19771
19784
19796
19802
19810
19868
19870
19921
19961
19978
20023
20043
20066
20115
20182
20194
20206
20253
20259
20276
20327
20371
20399
20513
20614
20620
20629
20644
20720
20737
20791
20830
20842
20899
20911
20924
20946
20973
20983
20987
20996
20999
21116
21132
21155
21180
21196
21231
21233
21311
21351
21378
21379
21413
21473
21491
21495
21520
21529
21541
21562
21572
21622
21688
21689
21712
21827
21845
21855
21859
21872
21899
21927
21942
21945
21961
21987
22005
22020
22067
22135
22263
22275
22400
22431
22452
22480
22483
22485
22516
22563
22594
22605
22642
22648
22663
22682
22701
22704
22835
22862
22864
22907
22923
22941
22971
22981
22982
23052
23061
23065
23077
23087
23107
23122
23124
23127
23137
23151
23200
23228
23234
23267
23277
23283
23289
23330
23350
23364
23379
23386
23421
23438
23440
23483
23514
23523
23549
23607
23669
23683
23687
23702
23753
23772
23847
23848
23860
23867
23897
23914
23935
23956
23967
23973
24108
24128
24186
24246
24254
24264
24269
24271
24295
24392
24408
24420
24426
24466
24468
24484
24501
24504
24544
24546
24623
24642
24668
24678
24708
24720
24726
24758
24790
24799
24804
24810
24830
24836
24848
24963
24964
24980
25009
25020
25027
25070
25099
25124
25150
25176
25183
25230
25273
25291
25314
25317
25364
25387
25402
25443
25482
25506
25544
25595
25652
25692
25701
25705
25708
25713
25722
25768
25794
25809
25814
25929
25948
25980
26004
26027
26044
26216
26256
26300
26301
26322
26330
26348
26401
26424
26438
26440
26466
26484
26523
26533
26561
26585
26601
26603
26713
26750
26756
26773
26820
26839
26897
26910
26923
26935
27005
27008
27048
27185
27236
27298
27329
27363
27390
27393
27432
27473
27547
27587
27607
27616
27641
27675
27710
27724
27746
27807
27810
27831
27832
27834
27846
27879
27926
27959
27976
27980
27993
28001
28075
28139
28150
28190
28260
28280
28310
28311
28376
28382
28384
28497
28499
28526
28529
28538
28559
28596
28598
28619
28649
28669
28672
28677
28732
28755
28802
28840
28867
28882
28892
28894
28928
28935
28939
28971
28972
28992
29013
29024
29031
29054
29058
29060
29088
29103
29105
29116
29145
29149
29172
29181
29204
29243
29244
29267
29299
29303
29329
29334
29366
29389
29406
29424
29496
29543
29544
29558
29586
29595
29607
29614
29642
29651
29694
29698
29733
29756
29814
29826
29829
29901
29915
29932
29951
29966
29994
30017
30028
30073
30100
30104
30149
30166
30204
30209
30223
30237
30240
30260
30271
30295
30393
30394
30441
30452
30464
30487
30497
30530
30538
30544
30606
30678
30709
30713
30731
30737
30741
30745
30762
30788
30813
30816
30818
30841
30870
30875
30904
30906
30920
30988
30994
31023
31047
31110
31134
31156
31168
31170
31194
31235
31241
31262
31263
31268
31279
31294
31302
31335
31353
31369
31417
31425
31443
31448
31479
31522
31523
31579
31585
31633
31689
31690
31692
31803
31823
31824
31851
31852
31857
31865
31873
31921
32003
32014
32029
32038
32049
32056
32070
32072
32083
32108
32116
32137
32172
32266
32281
32315
32321
32327
32345
32395
32430
32477
32484
32502
32524
32543
32553
32608
32616
32640
32657
32671
32704
32707
32732
32755
32771
32787
32790
32798
32857
32877
32962
33002
33027
33062
33091
33103
33111
33118
33173
33174
33193
33213
33217
33227
33323
33354
33404
33443
33473
33484
33498
33554
33730
33732
33744
33799
33822
33828
33835
33857
33880
33893
33905
33944
33978
34009
34029
34047
34048
34052
34085
34157
34158
34196
34201
34254
34317
34322
34335
34340
34360
34369
34376
34394
34405
34466
34490
34494
34496
34553
34585
34586
34627
34630
34660
34670
34680
34726
34735
34736
34783
34785
34808
34861
34881
34905
34920
34926
34944
34958
34996
35006
35015
35018
35067
35073
35085
35123
35206
35246
35259
35269
35313
35353
35356
35359
35397
35411
35430
35435
35472
35533
35578
35614
35643
35699
35708
35718
35721
35754
35786
35806
35863
35884
35913
35933
35942
35952
35987
36015
36040
36059
36119
36133
36141
36164
36178
36201
36241
36298
36330
36338
36349
36431
36472
36487
36488
36551
36568
36580
36601
36651
36683
36707
36754
36763
36799
36819
36841
36844
36849
36850
36894
36907
36918
36958
36985
37024
37054
37064
37078
37164
37167
37237
37291
37321
37324
37366
37423
37477
37526
37535
37574
37585
37609
37610
37699
37743
37810
37826
37869
37885
37890
37924
37931
37950
37953
37958
38055
38058
38083
38139
38159
38188
38249
38259
38262
38369
38373
38391
38441
38467
38540
38552
38568
38570
38573
38602
38614
38631
38664
38679
38704
38716
38725
38781
38864
38878
38923
38927
38962
38963
38978
38997
39017
39076
39077
39083
39113
39163
39176
39255
39284
39288
39307
39308
39317
39377
39400
39410
39423
39425
39435
39465
39470
39478
39501
39531
39537
39542
39549
39591
39609
39637
39653
39656
39697
39703
39831
39866
39870
39926
39938
39962
39964
39989
40015
40097
40127
40195
40209
40241
40251
40323
40364
40397
40414
40416
40503
40548
40564
40583
40613
40650
40684
40690
40749
40758
40763
40825
40846
40849
40871
40884
40912
40921
40923
40925
40976
41020
41084
41112
41166
41185
41187
41281
41349
41352
41385
41389
41404
41416
41443
41461
41522
41525
41541
41558
41586
41591
41607
41621
41660
41662
41673
41675
41696
41715
41739
41760
41779
41798
41826
41845
41854
41856
41857
41859
41889
41929
41941
42031
42049
42069
42075
42080
42137
42145
42207
42234
42284
42372
42378
42416
42480
42515
42516
42547
42577
42582
42583
42628
42673
42709
42734
42761
42775
42818
42876
42900
42914
42965
42972
42996
43030
43073
43079
43100
43119
43132
43138
43153
43173
43191
43213
43228
43285
43324
43336
43346
43351
43367
43429
43449
43486
43513
43553
43558
43566
43568
43602
43633
43648
43668
43713
43715
43727
43742
43777
43853
43888
43894
43902
43909
43950
43966
43973
43976
43979
43999
44020
44025
44068
44128
44139
44147
44164
44167
44178
44183
44184
44194
44215
44251
44266
44301
44334
44369
44416
44423
44427
44433
44439
44458
44495
44508
44518
44523
44608
44621
44662
44671
44677
44756
44802
44834
44872
44881
44883
44934
44949
44981
44999
45051
45078
45092
45101
45120
45147
45184
45194
45248
45301
45340
45341
45354
45359
45376
45377
45392
45490
45493
45535
45539
45551
45630
45648
45649
45677
45712
45730
45754
45763
45806
45827
45837
45845
45872
45896
45946
45949
45964
46004
46014
46015
46041
46045
46100
46149
46183
46206
46215
46236
46242
46263
46300
46308
46320
46350
46353
46372
46405
46421
46431
46453
46465
46500
46534
46544
46566
46599
46608
46619
46622
46642
46643
46683
46702
46751
46757
46770
46773
46834
46846
46850
46908
46910
46942
46982
46992
46997
47002
47003
47015
47016
47098
47116
47159
47179
47182
47193
47210
47264
47267
47274
47298
47352
47416
47553
47554
47572
47582
47626
47637
47660
47675
47754
47760
47777
47816
47820
47858
47866
47892
47908
47945
47952
47973
48111
48132
48134
48135
48152
48226
48240
48241
48336
48382
48395
48415
48425
48460
48527
48537
48557
48558
48586
48628
48646
48664
48720
48737
48742
48751
48783
48829
48846
48847
48870
48872
48893
48899
48901
48925
48930
48971
48975
49017
49056
49065
49082
49133
49154
49228
49233
49255
49259
49305
49338
49352
49384
49390
49404
49418
49456
49476
49518
49531
49536
49537
49615
49617
49624
49658
49692
49702
49745
49783
49822
49869
49880
49891
49917
49946
49992
50045
50075
50079
50081
50103
50147
50179
50195
50272
50317
50334
50350
50357
50370
50437
50442
50472
50523
50544
50564
50620
50654
50689
50716
50734
50748
50778
50797
50809
50867
50884
50922
50938
50941
50957
51077
51098
51101
51113
51162
51222
51253
51259
51284
51315
51359
51388
51411
51469
51497
51509
51556
51593
51602
51636
51654
51666
51676
51682
51690
51721
51726
51779
51865
51957
51973
52016
52043
52088
52091
52105
52128
52145
52157
52160
52173
52189
52200
52212
52222
52228
52238
52262
52276
52287
52296
52309
52541
52562
52567
52604
52617
52631
52642
52693
52740
52758
52826
52901
52917
52921
52932
52935
52963
52977
52995
53056
53060
53105
53127
53140
53143
53162
53164
53176
53187
53263
53403
53409
53437
53444
53450
53474
53480
53507
53513
53516
53522
53530
53532
53541
53544
53581
53594
53643
53646
53675
53710
53733
53743
53749
53780
53786
53787
53798
53821
53843
53865
53887
53902
53934
53946
53975
54113
54139
54207
54250
54254
54268
54314
54316
54326
54340
54349
54356
54371
54394
54507
54560
54566
54579
54613
54630
54633
54661
54670
54687
54690
54708
54716
54766
54776
54806
54863
54913
54945
54992
54994
55066
55099
55110
55204
55221
55222
55242
55277
55292
55294
55297
55352
55359
55360
55405
55407
55413
55524
55529
55561
55563
55600
55609
55639
55649
55677
55702
55730
55735
55749
55754
55758
55766
55774
55791
55856
55873
55874
55886
55904
55907
55942
55975
55994
56001
56022
56040
56057
56081
56142
56157
56170
56234
56235
56240
56342
56393
56407
56460
56482
56516
56583
56588
56589
56596
56618
56653
56704
56742
56827
56866
56903
56914
56919
56922
56933
56952
56963
56969
56981
56985
57085
57096
57143
57158
57162
57170
57242
57243
57254
57269
57314
57320
57339
57373
57384
57408
57409
57426
57448
57507
57547
57574
57576
57588
57599
57641
57666
57749
57810
57821
57830
57851
57867
57887
57896
57900
57915
57917
57927
57940
57962
57971
57977
57997
58022
58115
58184
58196
58207
58238
58251
58261
58295
58301
58312
58334
58349
58373
58416
58417
58420
58448
58466
58501
58508
58527
58578
58588
58594
58603
58610
58629
58655
58679
58706
58735
58738
58760
58788
58800
58823
58844
58856
58858
58868
58869
58906
58984
59012
59093
59112
59193
59204
59263
59284
59303
59367
59432
59440
59453
59509
59560
59586
59606
59642
59684
59737
59762
59829
59837
59853
59873
59879
59889
59905
59943
59994
59996
60036
60037
60080
60086
60248
60276
60329
60401
60430
60440
60487
60588
60611
60631
60633
60646
60729
60759
60784
60792
60862
60895
60946
60968
60976
60989
61013
61043
61047
61065
61134
61175
61217
61220
61254
61286
61305
61308
61309
61314
61351
61372
61390
61423
61440
61452
61487
61599
61602
61649
61685
61688
61697
61724
61730
61773
61792
61808
61842
61874
61883
61927
61968
61982
62160
62195
62200
62247
62300
62342
62370
62377
62419
62487
62488
62516
62518
62565
62591
62593
62620
62635
62665
62669
62714
62739
62770
62777
62799
62834
62835
62851
62862
62916
62935
62942
62946
62973
62979
62980
63032
63034
63058
63067
63130
63152
63226
63253
63269
63287
63293
63303
63313
63317
63318
63332
63359
63371
63393
63433
63469
63470
63525
63536
63540
63551
63553
63564
63574
63583
63613
63616
63645
63740
63786
63788
63831
63910
63934
63975
63978
63983
63986
64019
64028
64029
64038
64039
64050
64160
64177
64224
64256
64282
64292
64303
64386
64403
64415
64419
64422
64430
64470
64482
64483
64496
64497
64531
64534
64556
64570
64572
64602
64606
64658
64660
64717
64723
64746
64751
64773
64837
64844
64847
64853
64869
64928
64929
65002
65011
65046
65058
65065
65161
65181
65188
65198
65228
65238
65252
65311
65349
65356
65376
65390
65423
65449
65453
65463
65502
65514
65517
65573
65577
65616
65623
65646
65660
65662
65685
65689
65697
65727
65729
65745
65758
65818
65839
65864
65867
65907
65925
66017
66020
66043
66070
66080
66141
66226
66252
66270
66272
66294
66344
66371
66388
66410
66411
66434
66450
66553
66580
66601
66693
66695
66773
66779
66790
66791
66809
66825
66853
66859
66890
66934
66963
66970
66971
67008
67021
67031
67046
67058
67072
67147
67150
67173
67223
67259
67329
67365
67399
67441
67449
67454
67485
67494
67520
67545
67577
67651
67729
67790
67810
67825
67855
67930
67962
67983
67992
68021
68029
68043
68066
68070
68091
68095
68137
68166
68200
68203
68224
68300
68323
68354
68381
68417
68450
68465
68481
68484
68493
68498
68509
68532
68534
68555
68571
68614
68626
68630
68650
68660
68675
68717
68728
68737
68745
68797
68802
68815
68816
68826
68837
68864
68874
68903
68922
68925
68932
68937
68945
69005
69011
69096
69100
69133
69152
69185
69205
69285
69307
69308
69335
69350
69368
69393
69401
69414
69445
69500
69504
69512
69522
69546
69549
69559
69578
69633
69639
69647
69786
69791
69792
69841
69871
69873
69918
69924
69948
69957
69967
69968
69998
70008
70022
70039
70047
70057
70067
70108
70118
70127
70137
70164
70284
70287
70311
70322
70359
70371
70401
70428
70432
70470
70473
70492
70505
70513
70549
70581
70597
70610
70621
70686
70791
70804
70812
70825
70827
70867
70918
70956
70963
71011
71048
71064
71077
71094
71108
71111
71141
71145
71201
71255
71302
71325
71338
71386
71398
71417
71427
71479
71486
71504
71530
71549
71582
71593
71671
71672
71700
71703
71721
71733
71752
71805
71831
71835
71910
71911
71951
72000
72007
72033
72051
72112
72131
72135
72229
72275
72294
72332
72437
72485
72500
72564
72588
72611
72636
72639
72642
72684
72690
72695
72708
72728
72839
72861
72881
72887
72929
72931
72971
72990
73015
73044
73073
73089
73091
73100
73141
73152
73166
73273
73297
73307
73312
73321
73323
73332
73357
73380
73429
73430
73463
73466
73471
73498
73505
73519
73530
73577
73592
73609
73614
73642
73646
73661
73704
73727
73758
73779
73792
73844
73865
73882
73891
73897
73914
73948
73967
73999
74019
74021
74032
74047
74078
74093
74115
74144
74181
74218
74247
74374
74409
74444
74447
74450
74514
74515
74519
74531
74552
74626
74633
74712
74715
74719
74738
74753
74776
74828
74934
74974
74979
74986
75056
75059
75129
75205
75224
75265
75278
75315
75323
75339
75349
75402
75416
75422
75461
75491
75514
75522
75534
75542
75548
75576
75621
75633
75747
75784
75785
75816
75843
75874
75885
75943
75959
75962
75995
76080
76088
76131
76168
76246
76286
76316
76343
76361
76389
76390
76471
76484
76592
76596
76644
76682
76697
76732
76733
76753
76762
76806
76816
76909
76913
76998
77002
77009
77044
77049
77071
77104
77120
77171
77179
77183
77241
77332
77340
77348
77374
77390
77407
77420
77427
77502
77561
77584
77636
77657
77661
77662
77670
77684
77720
77833
77842
77859
77908
77934
77949
77976
77981
78041
78055
78087
78162
78164
78179
78187
78190
78257
78342
78346
78371
78380
78435
78452
78465
78506
78561
78579
78604
78617
78663
78722
78774
78816
78831
78841
78861
78884
78890
78955
78986
79006
79011
79029
79040
79048
79193
79219
79223
79254
79271
79308
79310
79313
79319
79323
79336
79352
79360
79372
79377
79400
79415
79457
79523
79544
79568
79578
79608
79650
79652
79653
79688
79691
79692
79703
79759
79884
79901
79945
79950
79978
80001
80003
80028
80074
80084
80108
80162
80204
80207
80253
80283
80286
80291
80297
80341
80355
80432
80450
80459
80485
80509
80516
80526
80585
80605
80643
80662
80670
80673
80682
80696
80699
80719
80720
80730
80731
80785
80795
80831
80848
80850
80917
80929
80938
80968
80993
81028
81032
81050
81122
81166
81201
81221
81250
81327
81329
81346
81354
81367
81371
81379
81402
81472
81503
81517
81548
81569
81648
81674
81688
81707
81784
81787
81796
81801
81830
81846
81882
81920
82016
82040
82059
82110
82112
82115
82126
82127
82130
82149
82161
82165
82170
82224
82236
82238
82247
82249
82250
82258
82259
82264
82309
82313
82320
82329
82341
82345
82467
82498
82523
82531
82556
82560
82577
82618
82692
82708
82715
82719
82764
82776
82857
82886
82901
82906
83006
83098
83102
83106
83117
83149
83190
83224
83228
83264
83288
83308
83323
83333
83350
83403
83435
83460
83494
83585
83616
83620
83641
83644
83658
83659
83704
83793
83891
83927
83931
83950
84075
84096
84172
84217
84218
84260
84273
84299
84327
84340
84422
84424
84437
84442
84481
84510
84518
84522
84530
84540
84548
84561
84587
84596
84624
84626
84671
84706
84731
84747
84769
84823
84838
84851
84886
84905
84931
84956
84992
84994
85028
85041
85065
85081
85083
85090
85096
85108
85138
85143
85148
85154
85176
85185
85197
85232
85282
85313
85336
85365
85372
85470
85487
85500
85506
85533
85534
85595
85613
85681
85687
85762
85781
85787
85792
85839
85850
85864
85865
85874
86013
86030
86037
86048
86049
86060
86064
86068
86122
86139
86168
86173
86266
86272
86273
86281
86292
86304
86306
86313
86406
86448
86461
86529
86561
86573
86594
86649
86651
86672
86683
86722
86795
86852
86898
86917
86922
86926
86942
86964
86977
87004
87022
87050
87090
87113
87115
87166
87168
87267
87276
87366
87370
87407
87420
87428
87431
87433
87452
87468
87505
87524
87543
87586
87588
87597
87644
87667
87675
87689
87700
87744
87745
87752
87755
87756
87787
87819
87826
87886
87888
87924
87927
87954
87978
87979
88009
88034
88052
88143
88192
88237
88284
88301
88302
88361
88363
88367
88377
88420
88434
88440
88447
88490
88532
88549
88551
88611
88644
88691
88700
88715
88803
88814
88817
88912
88969
88973
89003
89004
89016
89051
89052
89090
89184
89218
89236
89273
89287
89299
89331
89352
89356
89376
89391
89417
89436
89454
89490
89524
89540
89584
89642
89663
89671
89693
89707
89734
89738
89752
89760
89845
89858
89878
89880
89894
89905
89918
89929
89994
90050
90089
90100
90119
90127
90134
90140
90153
90219
90220
90226
90283
90327
90346
90401
90407
90419
90449
90456
90458
90478
90514
90534
90543
90551
90561
90562
90566
90615
90657
90660
90664
90665
90746
90750
90931
90938
90952
90968
90993
91094
91106
91119
91178
91190
91290
91302
91315
91318
91319
91351
91369
91409
91445
91446
91463
91492
91578
91646
91692
91723
91751
91793
91834
91836
91839
91859
91864
91877
91879
91885
91911
91925
91988
91992
91999
92006
92039
92086
92102
92111
92170
92196
92280
92295
92332
92353
92417
92432
92465
92482
92483
92519
92529
92598
92627
92758
92791
92895
92904
92919
92921
92980
93000
93058
93132
93133
93167
93180
93185
93242
93288
93293
93295
93317
93330
93352
93355
93419
93461
93482
93521
93532
93541
93579
93580
93602
93674
93677
93707
93760
93801
93830
93849
93862
93876
93918
93931
93990
94008
94074
94120
94188
94195
94209
94266
94271
94295
94326
94331
94432
94499
94508
94528
94534
94549
94551
94557
94559
94580
94598
94606
94621
94628
94700
94712
94719
94743
94805
94841
94863
94878
94921
94926
94956
94968
95057
95075
95097
95150
95169
95211
95234
95335
95364
95404
95457
95496
95497
95544
95586
95589
95645
95670
95729
95794
95799
95801
95806
95809
95819
95827
95839
95855
95856
95861
95869
95928
95950
95984
95996
96001
96019
96020
96031
96058
96066
96070
96116
96160
96161
96163
96222
96225
96229
96232
96297
96314
96376
96381
96395
96446
96478
96497
96506
96516
96519
96522
96523
96531
96540
96572
96590
96656
96660
96708
96712
96738
96752
96785
96799
96808
96816
96833
96843
96849
96861
96863
96866
96891
96893
96910
96941
97006
97007
97026
97067
97073
97099
97110
97134
97163
97210
97230
97231
97305
97318
97434
97459
97470
97482
97503
97533
97542
97573
97582
97593
97606
97640
97659
97680
97687
97717
97727
97762
97813
97871
97886
97954
97962
97980
97987
97996
98024
98033
98155
98159
98178
98239
98248
98273
98313
98316
98324
98329
98361
98400
98438
98499
98508
98510
98569
98603
98608
98660
98681
98754
98765
98783
98829
98841
98848
98867
98947
99050
99065
99066
99086
99128
99134
99154
99159
99161
99188
99197
99204
99236
99260
99388
99394
99400
99449
99470
99520
99561
99593
99691
99769
99779
99812
99824
99841
99856
99884
99913
99922
99930
99935
99959
99968
99979
99980
100002
100007
100040
100091
100172
100189
100190
100192
100199
100218
100255
100256
100278
100284
100285
100337
100339
100350
100373
100374
100386
100397
100511
100524
100553
100563
100593
100658
100677
100697
100701
100719
100789
100848
100874
100878
100947
100978
100980
101038
101041
101054
101142
101189
101194
101206
101241
101273
101327
101331
101346
101381
101392
101432
101445
101447
101489
101558
101571
101600
101668
101714
101718
101730
101775
101792
101797
101815
101861
101883
101916
101918
101934
101945
101997
102003
102054
102057
102059
102081
102094
102099
102184
102189
102263
102305
102366
102443
102447
102466
102504
102532
102547
102577
102589
102593
102600
102642
102691
102702
102795
102834
102870
102890
102913
102938
102939
102965
102973
102981
103011
103067
103080
103101
103142
103174
103186
103190
103192
103210
103229
103267
103275
103282
103286
103368
103480
103481
103493
103547
103567
103615
103653
103681
103708
103712
103740
103817
103839
103884
103920
103964
103965
103997
104001
104027
104054
104059
104096
104133
104151
104159
104171
104174
104180
104207
104266
104271
104284
104288
104292
104307
104353
104424
104442
104463
104477
104508
104538
104548
104557
104559
104564
104574
104629
104638
104667
104670
104674
104704
104711
104729
104731
104777
104781
104815
104915
104933
104948
104977
105001
105035
105064
105070
105072
105141
105149
105152
105154
105227
105232
105250
105253
105276
105285
105339
105359
105373
105391
105414
105421
105548
105579
105593
105602
105631
105640
105646
105748
105754
105780
105794
105833
105855
105856
105867
106009
106026
106028
106043
106052
106103
106208
106211
106220
106277
106285
106298
106344
106381
106404
106422
106439
106450
106469
106479
106487
106588
106642
106656
106701
106706
106712
106787
106791
106832
106844
106879
106885
106962
106965
107022
107057
107116
107125
107214
107230
107246
107336
107367
107370
107417
107446
107447
107461
107478
107483
107491
107499
107508
107538
107553
107555
107558
107576
107581
107596
107625
107689
107762
107804
107840
107841
107842
107868
107885
107889
107922
107975
107985
107988
107995
108052
108065
108070
108072
108090
108098
108118
108164
108177
108181
108214
108297
108327
108347
108349
108362
108372
108386
108412
108491
108499
108520
108522
108541
108594
108646
108657
108684
108753
108758
108768
108784
108805
108822
108835
108840
108867
108878
108908
108920
108925
108957
108989
109013
109044
109060
109103
109131
109133
109190
109230
109254
109258
109315
109342
109371
109378
109387
109479
109484
109485
109492
109500
109530
109549
109575
109577
109585
109591
109612
109628
109666
109711
109726
109765
109789
109797
109890
109895
109920
109954
109990
110001
110010
110028
110032
110043
110059
110061
110094
110149
110159
110161
110169
110181
110202
110206
110209
110211
110214
110225
110235
110270
110272
110278
110304
110306
110308
110312
110320
110377
110384
110392
110399
110413
110421
110487
110583
110662
110667
110672
110678
110715
110721
110742
110752
110781
110803
110811
110865
110878
110913
110968
110999
111000
111012
111043
111071
111096
111151
111157
111160
111217
111230
111294
111318
111345
111364
111409
111425
111477
111502
111512
111523
111531
111540
111542
111553
111557
111558
111604
111605
111606
111632
111638
111644
111668
111720
111722
111777
111792
111858
111868
111882
111936
111970
111988
112003
112029
112034
112043
112054
112055
112153
112154
112170
112266
112302
112307
112314
112324
112349
112362
112384
112427
112431
112436
112459
112520
112535
112537
112621
112658
112697
112701
112708
112773
112788
112814
112891
112906
112933
112935
112945
112961
112971
113025
113043
113096
113140
113150
113153
113167
113176
113245
113248
113268
113291
113320
113358
113392
113400
113408
113421
113448
113466
113477
113489
113501
113516
113542
113545
113569
113573
113576
113606
113616
113652
113716
113742
113842
113937
113954
113969
114038
114048
114087
114137
114151
114174
114232
114242
114250
114254
114293
114343
114345
114350
114358
114382
114425
114441
114463
114505
114510
114529
114575
114614
114619
114646
114661
114666
114697
114700
114705
114709
114713
114743
114744
114761
114763
114778
114784
114853
114900
114931
115003
115017
115057
115070
115082
115097
115114
115115
115127
115155
115175
115204
115250
115252
115279
115319
115333
115423
115455
115457
115474
115529
115547
115557
115563
115565
115591
115602
115631
115643
115644
115649
115652
115698
115722
115760
115770
115780
115861
115870
115874
115908
115954
115997
115998
116047
116050
116056
116066
116082
116123
116145
116199
116213
116230
116234
116245
116246
116290
116325
116327
116376
116379
116399
116401
116450
116468
116514
116619
116690
116698
116718
116732
116741
116752
116755
116765
116776
116790
116805
116901
116917
116935
116944
116946
116990
116996
117027
117048
117097
117098
117135
117137
117151
117167
117183
117213
117257
117260
117306
117309
117332
117367
117393
117410
117456
117482
117620
117710
117755
117758
117800
117842
117905
117910
117966
117998
118000
118077
118088
118091
118096
118145
118195
118203
118210
118237
118259
118312
118355
118375
118406
118417
118434
118445
118497
118501
118511
118536
118538
118582
118589
118616
118631
118649
118655
118660
118757
118819
118912
118942
118950
119008
119050
119052
119053
119064
119065
119085
119117
119145
119162
119173
119186
119264
119342
119361
119372
119422
119458
119465
119472
119485
119513
119515
119519
119560
119608
119658
119662
119674
119736
119749
119752
119813
119874
119887
119889
119913
119929
119942
119944
119962
120004
120031
120043
120144
120161
120165
120170
120174
120215
120218
120228
120237
120247
120306
120311
120386
120388
120431
120434
120485
120540
120622
120646
120694
120697
120702
120713
120719
120728
120734
120756
120766
120769
120771
120773
120809
120831
120838
120857
120889
120905
120924
120935
120944
120996
121004
121013
121014
121054
121080
121121
121154
121168
121195
121209
121235
121236
121335
121360
121400
121434
121455
121462
121463
121470
121473
121476
121509
121521
121556
121591
121599
121602
121641
121658
121707
121709
121723
121726
121784
121795
121837
121909
121925
121928
121939
121966
121978
122063
122097
122139
122151
122152
122154
122211
122215
122234
122249
122271
122285
122289
122308
122325
122326
122370
122430
122432
122454
122487
122488
122511
122525
122526
122527
122632
122684
122692
122699
122711
122737
122738
122758
122762
122765
122811
122831
122852
122932
122947
122954
123002
123023
123050
123053
123075
123086
123111
123116
123120
123125
123140
123211
123253
123260
123278
123300
123371
123378
123384
123417
123438
123456
123458
123481
123491
123505
123513
123528
123538
123582
123596
123647
123753
123783
123794
123804
123806
123814
123831
123847
123886
123887
123895
123972
123992
124013
124062
124064
124094
124101
124117
124118
124162
124169
124178
124256
124286
124299
124320
124321
124330
124362
124364
124368
124391
124404
124507
124509
124512
124580
124590
124597
124603
124626
124627
124695
124699
124730
124734
124743
124854
124860
124907
124910
124944
124967
124984
124994
125020
125050
125081
125085
125152
125166
125201
125228
125253
125277
125303
125322
125326
125327
125345
125372
125373
125374
125401
125418
125467
125470
125476
125485
125504
125535
125537
125542
125556
125564
125566
125577
125598
125622
125636
125661
125702
125756
125779
125807
125839
125867
125874
125934
125945
125963
125976
126000
126006
126045
126061
126065
126258
126269
126290
126293
126386
126423
126453
126455
126460
126499
126542
126560
126607
126635
126636
126688
126703
126732
126783
126841
126886
126922
126927
126936
127032
127045
127071
127075
127077
127095
127173
127180
127272
127273
127275
127300
127383
127420
127582
127682
127683
127724
127730
127737
127743
127770
127781
127785
127808
127816
127821
127855
127877
127925
127960
128001
128019
128053
128054
128086
128196
128212
128243
128331
128358
128393
128484
128508
128511
128522
128587
128648
128653
128656
128662
128739
128745
128747
128774
128819
128840
128852
128869
128873
128895
128896
128924
128952
128969
129041
129054
129068
129125
129136
129155
129159
129192
129193
129203
129225
129240
129300
129307
129360
129466
129490
129498
129530
129540
129546
129548
129593
129613
129618
129622
129704
129743
129757
129802
129814
129833
129874
129876
129880
129927
129945
129975
130036
130043
130070
130072
130089
130119
130124
130136
130149
130159
130177
130204
130273
130299
130363
130400
130418
130434
130536
130537
130604
130611
130637
130701
130705
130707
130737
130744
130766
130860
130926
131025
131038
131043
131047
131073
131080
131115
131118
131158
131163
131217
131269
131303
131321
131436
131478
131479
131577
131598
131618
131644
131720
131721
131741
131798
131803
131813
131883
131921
131950
131972
131973
131979
131981
131991
132009
132016
132034
132044
132046
132083
132084
132091
132118
132138
132171
132191
132409
132416
132484
132486
132517
132549
132616
132623
132647
132682
132700
132728
132748
132770
132817
132859
132883
132888
132900
132907
132961
132980
133026
133094
133128
133147
133152
133229
133236
133238
133245
133277
133320
133330
133431
133477
133528
133531
133550
133551
133620
133654
133730
133770
133787
133868
133878
133915
134006
134056
134060
134121
134133
134156
134159
134195
134199
134203
134215
134253
134278
134307
134346
134365
134383
134477
134498
134521
134536
134546
134605
134632
134725
134734
134737
134747
134819
134850
134865
134873
134888
134917
134940
134952
134953
135010
135048
135051
135107
135131
135139
135150
135187
135228
135271
135287
135301
135320
135327
135344
135352
135381
135397
135489
135511
135551
135585
135604
135619
135690
135751
135753
135758
135780
135786
135831
135845
135856
135863
135872
135873
135896
135918
135982
136055
136064
136093
136123
136155
136202
136229
136230
136249
136262
136266
136276
136309
136365
136372
136535
136548
136558
136563
136564
136645
136716
136789
136820
136853
136886
136896
136900
136922
136932
136950
136996
136999
137035
137044
137047
137075
137083
137090
137142
137160
137190
137195
137200
137240
137278
137388
137426
137460
137480
137502
137539
137546
137610
137670
137681
137719
137729
137735
137838
137882
137887
137957
137991
138003
138061
138071
138073
138098
138102
138150
138173
138182
138233
138268
138274
138279
138282
138301
138308
138320
138392
138415
138416
138455
138466
138469
138484
138490
138527
138531
138579
138591
138635
138679
138707
138740
138745
138802
138808
138822
138824
138970
138980
139071
139097
139108
139113
139118
139123
139211
139226
139229
139233
139245
139259
139267
139272
139275
139279
139315
139350
139352
139366
139381
139384
139442
139454
139476
139522
139565
139621
139674
139694
139715
139745
139748
139770
139813
139836
139853
139857
139909
139945
139967
139993
139999
140021
140108
140139
140151
140158
140170
140191
140264
140265
140298
140318
140326
140336
140407
140440
140454
140458
140477
140518
140559
140563
140564
140645
140653
140695
140765
140776
140791
140831
140845
140889
140974
140982
141004
141041
141055
141130
141190
141198
141210
141255
141276
141278
141303
141329
141333
141346
141397
141409
141442
141454
141478
141507
141524
141603
141611
141646
141688
141694
141728
141769
141777
141868
141873
141879
141914
141920
141961
141993
142064
142189
142207
142239
142347
142417
142421
142433
142468
142470
142493
142498
142510
142524
142567
142585
142601
142619
142663
142715
142739
142756
142787
142800
142805
142815
142872
142876
142908
142938
142976
143024
143034
143052
143059
143069
143102
143123
143128
143131
143132
143149
143178
143214
143218
143240
143243
143266
143288
143289
143298
143299
143326
143360
143364
143398
143399
143441
143466
143468
143473
143476
143496
143532
143548
143565
143605
143661
143678
143694
143729
143744
143746
143795
143817
143873
143891
143916
143922
144010
144075
144126
144140
144199
144205
144236
144257
144268
144299
144323
144360
144394
144400
144452
144456
144496
144507
144564
144578
144602
144603
144617
144629
144692
144709
144716
144742
144765
144793
144826
144835
144885
144916
144939
144941
144967
144981
145067
145078
145082
145181
145191
145200
145230
145233
145249
145270
145295
145375
145454
145475
145493
145517
145544
145566
145580
145582
145596
145603
145613
145625
145637
145659
145666
145688
145698
145749
145798
145801
145862
145863
145865
146007
146014
146030
146036
146052
146076
146081
146116
146154
146169
146194
146202
146213
146245
146261
146265
146286
146357
146418
146433
146434
146437
146442
146462
146497
146523
146540
146541
146548
146586
146602
146605
146619
146646
146670
146675
146710
146738
146786
146795
146842
146855
146875
146886
146976
146994
147028
147029
147141
147162
147187
147216
147217
147270
147305
147365
147406
147408
147425
147444
147471
147478
147505
147513
147526
147561
147567
147586
147603
147667
147733
147760
147821
147847
147853
147857
147892
147932
147985
148054
148127
148162
148192
148193
148266
148268
148295
148297
148344
148351
148352
148372
148392
148405
148407
148442
148455
148471
148518
148520
148526
148568
148591
148597
148641
148756
148804
148816
148915
148944
149001
149036
149099
149106
149237
149254
149280
149281
149336
149337
149342
149434
149492
149592
149606
149629
149639
149681
149701
149742
149787
149810
149881
149906
149922
149939
149945
149984
150001
150059
150075
150099
150134
150165
150205
150210
150222
150245
150260
150264
150321
150376
150381
150407
150455
150478
150494
150495
150502
150561
150569
150622
150626
150637
150642
150651
150718
150731
150744
150750
150774
150781
150784
150785
150825
150827
150895
150907
150912
150913
151000
151042
151056
151077
151083
151272
151311
151347
151394
151422
151441
151462
151540
151542
151579
151639
151687
151697
151737
151754
151768
151863
151873
151936
151976
151980
152003
152014
152051
152147
152186
152212
152230
152245
152325
152328
152343
152414
152418
152426
152484
152508
152565
152569
152577
152594
152600
152622
152624
152643
152651
152661
152683
152698
152706
152726
152753
152759
152766
152768
152770
152773
152783
152837
152883
152899
152935
152941
152997
153004
153018
153053
153063
153071
153080
153095
153148
153224
153241
153284
153320
153344
153358
153378
153399
153422
153483
153521
153567
153579
153618
153668
153677
153778
153796
153802
153875
153880
153886
153892
153934
153975
154053
154067
154072
154080
154095
154122
154128
154212
154226
154334
154338
154348
154359
154389
154404
154483
154497
154547
154557
154567
154576
154594
154610
154637
154691
154701
154703
154712
154731
154766
154773
154802
154808
154886
154896
154957
154967
154968
154985
155014
155033
155041
155135
155173
155266
155274
155343
155394
155401
155411
155415
155438
155454
155461
155465
155490
155508
155509
155543
155643
155673
155684
155692
155694
155725
155734
155735
155773
155786
155789
155811
155815
155859
155874
155908
155943
155948
156028
156040
156048
156069
156079
156123
156158
156160
156191
156222
156235
156251
156262
156278
156289
156369
156392
156428
156429
156440
156449
156463
156474
156497
156520
156522
156536
156556
156581
156610
156639
156695
156712
156730
156736
156794
156810
156867
156878
156918
156932
156942
156954
156963
157020
157037
157043
157070
157108
157124
157157
157253
157291
157312
157313
157319
157342
157361
157364
157374
157381
157460
157462
157463
157479
157553
157554
157586
157589
157651
157656
157668
157709
157734
157746
157765
157858
157898
157950
157964
157988
157994
158000
158005
158014
158020
158055
158058
158071
158077
158099
158100
158101
158127
158150
158157
158169
158197
158238
158244
158256
158277
158333
158418
158434
158502
158523
158528
158558
158609
158631
158641
158653
158668
158674
158689
158732
158746
158761
158773
158792
158840
158893
158980
159032
159053
159103
159107
159129
159276
159303
159344
159359
159374
159386
159437
159449
159481
159528
159529
159550
159562
159582
159603
159607
159609
159611
159636
159642
159650
159684
159703
159704
159720
159733
159817
159821
159861
159889
159959
159961
159992
160013
160035
160038
160060
160102
160180
160186
160205
160226
160286
160303
160305
160307
160311
160395
160421
160422
160434
160461
160493
160505
160512
160525
160542
160551
160576
160586
160594
160598
160623
160658
160664
160687
160708
160729
160738
160755
160768
160769
160778
160780
160867
160897
160917
160946
160967
161038
161047
161049
161065
161091
161120
161138
161168
161220
161224
161230
161232
161256
161267
161287
161290
161307
161314
161383
161389
161429
161456
161462
161467
161551
161565
161575
161618
161624
161641
161647
161719
161789
161867
161913
161981
162001
162002
162004
162012
162015
162016
162034
162035
162072
162092
162106
162146
162152
162154
162180
162181
162219
162246
162301
162317
162334
162355
162453
162508
162532
162597
162603
162609
162671
162869
162877
162907
162945
162958
162960
163004
163033
163050
163064
163079
163114
163117
163178
163180
163184
163225
163231
163297
163319
163320
163325
163348
163351
163376
163387
163419
163464
163548
163552
163582
163596
163603
163618
163638
163643
163644
163652
163655
163661
163673
163768
163802
163836
163902
163938
163988
164010
164029
164041
164110
164151
164173
164190
164281
164319
164320
164349
164364
164366
164374
164396
164420
164474
164482
164511
164567
164623
164628
164661
164695
164789
164801
164803
164817
164840
164866
164877
164878
164996
165012
165034
165043
165093
165106
165122
165135
165218
165225
165246
165265
165293
165295
165319
165356
165414
165417
165454
165492
165502
165512
165520
165531
165563
165564
165565
165571
165599
165602
165608
165630
165646
165662
165664
165677
165679
165780
165917
165948
165961
165976
165997
166031
166074
166085
166107
166131
166134
166143
166154
166174
166243
166247
166268
166361
166381
166477
166482
166525
166549
166582
166593
166601
166602
166622
166624
166627
166634
166648
166683
166723
166728
166736
166756
166764
166790
166836
166849
166862
166876
166880
166920
166922
166953
166967
167028
167031
167042
167064
167083
167085
167135
167168
167207
167212
167225
167234
167275
167289
167314
167333
167349
167358
167442
167443
167483
167507
167550
167558
167622
167625
167675
167707
167738
167795
167811
167839
167840
167873
167883
167895
167994
168010
168041
168049
168124
168139
168184
168199
168216
168229
168239
168248
168282
168308
168314
168332
168343
168361
168369
168375
168386
168398
168403
168519
168554
168582
168650
168725
168737
168743
168772
168818
168854
168884
168895
168914
168952
168968
168970
168984
168997
169032
169078
169114
169143
169163
169179
169180
169194
169203
169212
169232
169280
169285
169287
169357
169377
169382
169470
169530
169565
169580
169589
169605
169622
169691
169698
169721
169733
169752
169754
169778
169785
169793
169853
169861
169906
169931
169932
169969
170070
170089
170096
170122
170129
170136
170167
170183
170217
170229
170247
170253
170331
170343
170351
170364
170369
170387
170391
170399
170402
170406
170412
170426
170430
170439
170445
170451
170458
170461
170463
170499
170502
170533
170539
170565
170608
170766
170774
170777
170786
170795
170848
170877
170894
170902
170934
170964
170971
170978
171025
171034
171053
171089
171095
171102
171135
171154
171155
171189
171221
171299
171366
171391
171394
171406
171407
171433
171448
171489
171501
171543
171570
171594
171602
171636
171679
171687
171709
171724
171730
171733
171743
171777
171784
171794
171802
171826
171892
171985
172007
172013
172035
172042
172101
172133
172147
172161
172162
172167
172172
172201
172210
172292
172313
172327
172330
172384
172417
172424
172443
172450
172483
172557
172601
172624
172630
172643
172650
172676
172779
172822
172854
172883
172927
172999
173007
173009
173043
173096
173145
173157
173177
173201
173213
173242
173245
173252
173262
173272
173282
173314
173354
173440
173465
173497
173541
173587
173598
173607
173611
173620
173632
173633
173668
173694
173710
173720
173795
173800
173846
173854
173899
173922
173937
173950
173967
174065
174097
174148
174153
174178
174185
174224
174314
174331
174355
174369
174386
174400
174419
174420
174460
174473
174496
174504
174553
174577
174591
174601
174648
174654
174664
174689
174700
174715
174801
174873
174874
174945
174952
174981
174987
175033
175036
175062
175065
175124
175155
175156
175269
175274
175317
175371
175397
175415
175423
175448
175449
175476
175540
175561
175570
175627
175640
175723
175772
175780
175798
175850
175862
175865
175908
175934
176002
176009
176012
176015
176038
176058
176071
176221
176238
176263
176283
176308
176368
176380
176382
176389
176404
176409
176433
176468
176515
176517
176518
176537
176592
176598
176677
176683
176689
176693
176712
176720
176727
176734
176836
176852
176910
176965
177010
177037
177103
177110
177119
177154
177165
177169
177179
177199
177217
177242
177245
177285
177304
177341
177344
177351
177358
177362
177387
177429
177435
177486
177499
177527
177553
177668
177740
177752
177782
177796
177814
177822
177865
177872
177932
177996
178118
178124
178132
178166
178180
178199
178216
178220
178233
178263
178264
178273
178298
178315
178347
178365
178451
178463
178466
178486
178594
178604
178615
178677
178684
178700
178712
178717
178763
178823
178858
178925
178958
178981
179046
179070
179172
179179
179191
179205
179267
179312
179320
179326
179371
179372
179397
179431
179446
179463
179467
179531
179538
179546
179602
179603
179628
179693
179705
179725
179785
179805
179816
179821
179876
179904
179962
179983
179994
180019
180024
180051
180064
180098
180100
180123
180216
180256
180259
180296
180312
180329
180335
180343
180344
180385
180392
180404
180409
180412
180435
180470
180481
180483
180524
180540
180542
180546
180552
180592
180622
180669
180673
180714
180742
180761
180769
180775
180837
180862
180915
180934
180980
180996
181050
181076
181126
181198
181244
181265
181279
181302
181310
181316
181377
181445
181471
181497
181532
181546
181604
181618
181643
181671
181676
181679
181703
181749
181776
181782
181791
181811
181840
181895
181939
181946
182031
182061
182126
182152
182166
182183
182241
182255
182286
182305
182342
182376
182385
182403
182413
182416
182425
182450
182510
182512
182527
182553
182561
182579
182595
182606
182631
182635
182658
182659
182664
182698
182745
182781
182807
182809
182841
182845
182856
182882
182950
182957
182974
182980
183066
183131
183132
183155
183173
183180
183222
183255
183267
183279
183455
183497
183506
183517
183547
183573
183618
183677
183724
183755
183811
183815
183832
183839
183844
183858
183884
183899
183916
183922
183933
183937
183940
183996
184009
184021
184045
184067
184110
184130
184145
184154
184167
184172
184181
184196
184203
184273
184310
184317
184361
184371
184385
184394
184425
184461
184486
184637
184649
184671
184710
184713
184714
184736
184810
184814
184858
184880
184887
184892
184925
184948
184993
185019
185036
185061
185066
185140
185141
185152
185182
185185
185198
185210
185219
185231
185232
185260
185293
185350
185362
185383
185402
185410
185464
185580
185618
185642
185709
185727
185738
185758
185812
185823
185839
185853
185860
185901
185904
185934
185935
185941
185965
185974
185980
185982
185987
186009
186014
186020
186024
186097
186099
186119
186126
186166
186202
186209
186281
186299
186312
186342
186347
186427
186495
186498
186524
186553
186557
186580
186591
186606
186634
186659
186669
186680
186686
186712
186811
186825
186829
186838
186851
186888
186890
186894
186916
186955
186960
186969
187008
187022
187037
187042
187046
187069
187094
187109
187117
187119
187164
187207
187241
187254
187259
187300
187357
187360
187377
187384
187397
187399
187435
187438
187447
187527
187580
187598
187613
187652
187677
187728
187743
187747
187801
187829
187834
187845
187859
187863
187867
187886
187933
187955
188044
188052
188212
188226
188233
188239
188250
188256
188299
188306
188359
188394
188402
188420
188422
188457
188469
188538
188547
188550
188556
188560
188561
188608
188653
188694
188715
188724
188733
188737
188748
188757
188766
188769
188780
188782
188796
188823
188829
188832
188836
188839
188858
188880
188892
188918
188946
188973
188985
189038
189042
189107
189113
189129
189159
189167
189226
189241
189278
189284
189302
189308
189313
189355
189371
189395
189548
189549
189556
189576
189700
189716
189748
189764
189773
189793
189806
189809
189835
189843
189878
189946
189954
189967
189969
189998
190103
190132
190155
190200
190206
190214
190215
190250
190257
190264
190268
190291
190296
190316
190318
190341
190381
190419
190436
190455
190491
190549
190560
190600
190730
190756
190799
190803
190807
190866
190883
190954
191031
191119
191191
191210
191212
191257
191263
191276
191363
191424
191429
191446
191498
191508
191552
191556
191605
191621
191630
191680
191741
191804
191862
191876
191902
192033
192045
192082
192099
192100
192119
192132
192133
192161
192195
192248
192257
192281
192321
192322
192331
192336
192404
192456
192477
192488
192493
192521
192557
192563
192564
192566
192571
192585
192589
192630
192634
192647
192754
192816
192839
192871
192901
192956
192982
192991
193014
193016
193039
193069
193077
193086
193089
193116
193163
193176
193200
193213
193215
193223
193287
193291
193312
193323
193328
193393
193411
193413
193430
193433
193441
193442
193464
193468
193476
193505
193563
193569
193584
193594
193602
193618
193675
193683
193687
193706
193725
193770
193804
193841
193844
193845
193889
193907
193935
193942
193983
193987
194001
194022
194032
194036
194043
194149
194157
194158
194206
194222
194230
194239
194268
194370
194404
194413
194420
194434
194447
194449
194469
194503
194535
194548
194573
194587
194607
194608
194609
194630
194634
194644
194675
194696
194715
194804
194815
194830
194890
194898
194908
194936
194947
195029
195045
195093
195135
195155
195157
195200
195210
195211
195224
195233
195300
195325
195338
195348
195411
195464
195474
195605
195633
195649
195658
195666
195687
195708
195753
195763
195795
195797
195803
195858
195865
195878
195894
195909
195994
196024
196034
196053
196059
196074
196099
196131
196195
196196
196205
196210
196215
196218
196250
196254
196388
196422
196458
196490
196494
196518
196535
196537
196555
196609
196648
196668
196687
196688
196689
196698
196699
196724
196744
196764
196796
196856
196867
196884
196918
196946
196955
197055
197096
197117
197118
197126
197155
197168
197215
197235
197247
197261
197274
197372
197380
197398
197477
197482
197488
197530
197531
197620
197634
197636
197639
197666
197687
197722
197751
197768
197775
197792
197807
197830
197845
197847
197898
197921
197926
197928
197964
197985
197996
198005
198024
198068
198097
198101
198135
198144
198178
198179
198222
198281
198310
198315
198321
198327
198347
198353
198397
198417
198484
198496
198576
198581
198604
198619
198651
198652
198668
198708
198718
198751
198781
198801
198819
198821
198837
198889
198907
198924
198950
198962
198998
199018
199069
199075
199110
199112
199137
199151
199153
199172
199234
199236
199301
199304
199314
199372
199387
199397
199418
199421
199434
199437
199451
199468
199493
199494
199516
199519
199531
199566
199617
199654
199669
199692
199739
199742
199747
199777
199781
199788
199802
199825
199831
199899
199904
199928
199984
199997
200051
200084
200113
200121
200124
200163
200201
200237
200252
200258
200286
200298
200308
200311
200353
200357
200398
200404
200466
200491
200507
200517
200540
200543
200628
200661
200667
200672
200698
200723
200780
200839
200909
200928
200980
200985
200993
201052
201082
201092
201124
201129
201130
201177
201190
201195
201226
201263
201301
201350
201466
201471
201538
201563
201571
201627
201630
201652
201668
201732
201738
201790
201861
201866
201873
201906
201917
201963
201970
201981
201983
201990
202020
202044
202073
202076
202087
202095
202100
202111
202114
202187
202263
202310
202314
202341
202373
202415
202427
202445
202470
202471
202480
202489
202566
202639
202658
202687
202716
202800
202845
202855
202858
202902
202909
202994
203006
203019
203058
203088
203099
203179
203184
203194
203223
203261
203262
203275
203322
203373
203405
203428
203473
203595
203596
203635
203636
203658
203675
203676
203697
203723
203735
203739
203765
203793
203803
203807
203817
203844
203848
203865
203877
203896
203899
203910
203966
203990
204000
204002
204011
204078
204085
204094
204112
204190
204245
204287
204296
204325
204351
204391
204412
204430
204443
204477
204496
204593
204608
204635
204698
204749
204793
204833
204855
204915
204948
204971
204984
205009
205011
205076
205084
205237
205263
205278
205332
205438
205515
205516
205534
205544
205557
205571
205628
205652
205670
205690
205715
205721
205738
205767
205798
205806
205837
205909
205937
205938
205960
205971
205980
205990
206002
206059
206073
206084
206098
206123
206176
206192
206204
206215
206216
206264
206270
206284
206316
206327
206350
206374
206403
206421
206449
206452
206458
206524
206529
206533
206539
206559
206571
206577
206586
206639
206645
206788
206814
206829
206856
206859
206898
206954
206975
206991
207005
207037
207043
207076
207077
207085
207127
207149
207165
207215
207216
207233
207291
207314
207320
207345
207365
207448
207542
207547
207554
207592
207597
207645
207646
207667
207673
207690
207702
207705
207719
207731
207784
207812
207836
207838
207862
207900
207943
207948
207960
207963
207965
207982
208001
208012
208013
208037
208071
208117
208185
208221
208248
208264
208272
208286
208305
208331
208361
208389
208397
208401
208441
208473
208498
208518
208521
208526
208543
208558
208622
208658
208754
208762
208779
208812
208828
208863
208892
208897
208906
208978
208982
208986
209012
209049
209051
209109
209111
209119
209168
209169
209189
209208
209216
209282
209320
209337
209361
209385
209425
209439
209455
209497
209521
209539
209548
209553
209554
209561
209574
209589
209625
209669
209690
209709
209734
209760
209764
209768
209780
209781
209819
209870
209902
209957
209973
209981
209996
210007
210017
210018
210053
210064
210083
210134
210140
210155
210165
210175
210185
210194
210241
210261
210323
210394
210425
210450
210455
210487
210539
210551
210578
210630
210646
210682
210724
210729
210730
210774
210793
210797
210813
210819
210857
210895
210917
210921
210933
210953
210970
211004
211055
211072
211112
211138
211143
211144
211172
211176
211189
211211
211219
211282
211312
211323
211354
211359
211365
211377
211385
211390
211396
211420
211433
211444
211449
211474
211601
211683
211689
211822
211837
211871
211874
211896
212008
212032
212058
212118
212154
212173
212177
212227
212234
212255
212257
212327
212394
212407
212424
212425
212429
212437
212443
212478
212499
212517
212552
212568
212579
212663
212692
212695
212696
212702
212753
212791
212830
212833
212839
212859
212880
212918
212941
212967
212986
212997
213030
213044
213080
213119
213147
213233
213245
213259
213294
213303
213305
213311
213339
213370
213416
213425
213445
213499
213510
213551
213562
213577
213615
213657
213675
213689
213694
213696
213728
213751
213861
213884
213908
213914
213934
213948
213953
213974
214037
214062
214075
214087
214107
214120
214123
214124
214133
214142
214180
214211
214227
214255
214265
214267
214272
214375
214377
214381
214398
214413
214423
214483
214517
214541
214553
214560
214587
214596
214621
214657
214666
214669
214748
214773
214840
214905
214908
214935
214951
214958
214961
215008
215018
215033
215065
215075
215100
215135
215175
215199
215224
215239
215345
215357
215376
215381
215386
215392
215394
215403
215410
215426
215446
215466
215475
215478
215497
215541
215559
215591
215599
215601
215610
215615
215692
215712
215724
215750
215787
215822
215837
215842
215957
215964
216018
216043
216064
216077
216086
216112
216133
216137
216180
216181
216210
216221
216261
216262
216271
216275
216385
216407
216512
216516
216520
216539
216562
216618
216651
216654
216676
216684
216688
216705
216718
216719
216788
216793
216958
217015
217055
217096
217115
217133
217144
217164
217192
217204
217208
217274
217308
217315
217320
217356
217404
217442
217447
217453
217477
217508
217601
217605
217706
217709
217733
217776
217782
217827
217856
217863
217883
217913
217971
217986
217991
218121
218164
218176
218183
218194
218266
218272
218278
218296
218299
218363
218379
218380
218421
218446
218466
218500
218511
218550
218560
218692
218695
218729
218743
218774
218794
218861
218872
218881
218950
219017
219052
219060
219066
219073
219090
219121
219182
219194
219203
219263
219277
219326
219347
219360
219404
219421
219450
219456
219460
219479
219491
219528
219587
219644
219663
219722
219745
219829
219873
219899
219900
219913
219919
219921
219957
220094
220098
220106
220145
220210
220241
220242
220273
220323
220331
220338
220347
220383
220418
220431
220441
220460
220540
220568
220636
220650
220651
220657
220663
220700
220704
220711
220734
220737
220766
220784
220801
220802
220844
220877
220889
220919
220962
220984
221017
221022
221053
221116
221148
221172
221181
221223
221234
221254
221258
221299
221329
221332
221345
221395
221419
221431
221481
221482
221588
221589
221624
221685
221777
221778
221797
221830
221835
221845
221875
221880
221940
221942
221945
221996
222007
222018
222045
222047
222050
222093
222120
222184
222190
222285
222302
222335
222431
222445
222487
222495
222496
222510
222515
222588
222598
222639
222658
222709
222732
222735
222745
222770
222807
222841
222863
222875
222879
222895
222921
222992
223004
223085
223163
223164
223213
223255
223308
223313
223343
223348
223354
223357
223362
223454
223467
223476
223482
223500
223519
223521
223605
223619
223680
223687
223694
223696
223697
223703
223722
223738
223767
223792
223793
223818
223836
223840
223853
223870
223883
223890
223987
224002
224020
224022
224048
224054
224088
224176
224197
224247
224289
224295
224315
224317
224421
224472
224503
224580
224608
224628
224664
224699
224710
224752
224754
224788
224821
224868
224880
224895
224923
224928
224984
224996
225002
225008
225058
225146
225151
225164
225187
225191
225209
225222
225245
225280
225314
225340
225373
225415
225431
225454
225468
225525
225544
225567
225570
225587
225591
225597
225651
225659
225681
225824
225836
225851
225859
225871
225893
225894
225944
225948
226007
226028
226036
226049
226054
226075
226203
226205
226228
226237
226253
226259
226279
226357
226373
226396
226427
226441
226457
226529
226567
226578
226602
226612
226623
226641
226647
226654
226697
226708
226724
226773
226856
226911
226917
226921
226961
226990
227001
227026
227125
227135
227185
227194
227200
227211
227235
227241
227244
227272
227313
227338
227342
227345
227397
227416
227424
227442
227446
227459
227484
227496
227504
227508
227513
227567
227579
227608
227611
227678
227735
227758
227790
227792
227824
227844
227876
227887
227928
227969
227978
227984
228047
228048
228056
228147
228156
228197
228217
228290
228313
228330
228338
228342
228397
228409
228413
228437
228444
228494
228496
228538
228565
228613
228643
228667
228680
228700
228728
228735
228825
228827
228917
228924
228939
228967
228972
228980
229057
229148
229183
229205
229235
229256
229307
229312
229316
229339
229351
229389
229445
229452
229459
229539
229560
229587
229593
229623
229636
229671
229697
229745
229762
229795
229892
229898
229926
229956
229965
229997
230018
230069
230082
230096
230098
230151
230164
230169
230205
230223
230248
230259
230306
230321
230349
230356
230416
230418
230435
230440
230456
230474
230484
230487
230505
230520
230531
230557
230562
230566
230573
230582
230598
230625
230635
230660
230669
230775
230796
230801
230861
230919
230959
231011
231025
231046
231080
231116
231117
231131
231148
231153
231186
231189
231201
231242
231254
231333
231353
231375
231415
231440
231444
231467
231535
231566
231581
231605
231621
231637
231670
231677
231756
231767
231801
231810
231868
231915
231921
231950
231964
232015
232022
232043
232052
232077
232082
232121
232136
232158
232166
232177
232181
232196
232202
232206
232307
232313
232320
232342
232350
232367
232381
232388
232403
232412
232478
232509
232516
232523
232540
232627
232641
232689
232693
232724
232735
232744
232782
232789
232803
232817
232828
232890
232936
232960
233008
233034
233080
233100
233115
233124
233175
233211
233227
233244
233276
233294
233305
233317
233326
233358
233410
233433
233443
233444
233451
233500
233539
233548
233570
233571
233615
233625
233627
233665
233672
233691
233723
233747
233864
233887
233901
233916
233979
234018
234028
234039
234052
234062
234097
234109
234183
234192
234197
234257
234280
234285
234288
234320
234359
234372
234402
234409
234441
234452
234489
234537
234604
234617
234641
234662
234678
234715
234726
234769
234787
234821
234829
234848
234880
234903
234904
234920
234956
234959
234976
235038
235076
235105
235107
235137
235178
235222
235251
235252
235260
235263
235312
235318
235350
235469
235475
235481
235488
235499
235511
235559
235604
235616
235618
235624
235672
235690
235715
235792
235809
235830
235849
235888
235898
235900
235923
235953
235968
236056
236066
236116
236162
236197
236200
236209
236228
236230
236231
236247
236271
236277
236357
236380
236383
236397
236398
236452
236457
236488
236518
236573
236594
236601
236613
236656
236702
236762
236772
236786
236793
236841
236846
236849
236948
236966
236996
237000
237002
237004
237027
237032
237046
237049
237057
237113
237136
237158
237197
237207
237232
237284
237292
237302
237346
237393
237395
237420
237441
237456
237524
237582
237587
237600
237645
237670
237687
237690
237734
237767
237779
237832
237881
237883
237916
237918
238028
238121
238181
238213
238228
238251
238260
238261
238266
238279
238289
238330
238333
238348
238383
238401
238452
238456
238528
238554
238591
238609
238647
238664
238675
238731
238752
238754
238800
238822
238827
238840
238873
238908
238910
238923
239001
239003
239013
239048
239075
239076
239157
239220
239265
239342
239364
239377
239465
239478
239502
239518
239522
239559
239570
239597
239613
239616
239619
239621
239639
239682
239715
239772
239841
239872
239891
239913
239937
239943
239967
239972
239982
239990
240015
240016
240029
240051
240057
240074
240076
240118
240121
240127
240154
240155
240157
240219
240228
240238
240276
240318
240391
240409
240411
240415
240428
240459
240512
240528
240532
240551
240557
240564
240624
240669
240683
240710
240711
240738
240784
240786
240852
240854
240879
240899
240921
240930
240970
241005
241032
241099
241127
241140
241145
241222
241249
241372
241382
241387
241411
241446
241494
241503
241590
241591
241594
241613
241642
241658
241687
241700
241709
241726
241755
241803
241804
241835
241869
241873
241907
241957
242023
242029
242034
242051
242081
242085
242145
242153
242181
242185
242216
242217
242227
242261
242283
242326
242328
242360
242373
242407
242489
242491
242573
242587
242605
242659
242747
242762
242778
242779
242801
242821
242824
242869
242914
242918
242927
242931
242956
242964
242975
243019
243072
243087
243091
243136
243148
243154
243162
243181
243195
243213
243224
243310
243312
243365
243379
243411
243439
243491
243535
243542
243559
243569
243610
243613
243619
243637
243648
243696
243702
243716
243717
243725
243727
243731
243743
243764
243771
243773
243837
243845
243859
243879
244017
244019
244044
244049
244072
244091
244093
244097
244108
244109
244155
244163
244169
244182
244194
244195
244200
244265
244292
244317
244324
244329
244350
244366
244418
244444
244522
244573
244580
244607
244656
244657
244691
244716
244743
244752
244798
244821
244855
244871
244897
244941
244948
244961
244971
244974
244993
245092
245167
245186
245193
245194
245206
245267
245272
245277
245295
245305
245328
245352
245402
245429
245431
245467
245483
245493
245522
245534
245539
245558
245600
245626
245648
245671
245707
245710
245745
245749
245796
245837
245845
245853
245858
245867
245876
245959
246004
246026
246038
246064
246068
246086
246090
246102
246120
246164
246195
246197
246239
246273
246348
246374
246384
246426
246429
246458
246489
246497
246508
246533
246595
246604
246638
246666
246673
246676
246689
246694
246724
246737
246750
246754
246804
246821
246849
246852
246913
246938
246986
246993
247001
247005
247134
247145
247154
247171
247177
247241
247245
247251
247293
247315
247336
247340
247345
247363
247407
247423
247438
247440
247464
247496
247497
247539
247551
247557
247568
247590
247594
247614
247627
247630
247666
247676
247702
247723
247760
247780
247793
247797
247809
247824
247831
247863
247866
247902
247903
247954
247959
247981
248026
248073
248164
248238
248318
248351
248401
248428
248441
248449
248458
248483
248510
248523
248605
248612
248627
248717
248734
248782
248811
248830
248834
248861
248893
248897
248903
248933
248946
248949
248955
248960
248961
248984
248996
249030
249044
249109
249131
249162
249177
249212
249231
249242
249248
249328
249377
249384
249416
249440
249515
249582
249595
249600
249609
249616
249627
249635
249657
249673
249676
249739
249747
249756
249771
249835
249843
249846
249889
249948
249983
250114
250225
250239
250310
250318
250339
250340
250352
250364
250377
250408
250439
250449
250540
250564
250566
250575
250602
250634
250665
250712
250804
250853
250862
250863
250865
250933
250934
250953
250967
250992
251032
251059
251106
251107
251144
251166
251205
251241
251265
251284
251294
251300
251327
251335
251349
251362
251375
251377
251427
251443
251459
251467
251478
251483
251570
251575
251588
251693
251795
251826
251839
251873
251879
251898
251926
251928
251938
251963
251969
252047
252048
252049
252120
252138
252187
252281
252316
252331
252333
252389
252421
252436
252575
252604
252621
252632
252659
252688
252694
252770
252796
252811
252839
252914
252926
252938
253045
253063
253153
253175
253218
253229
253232
253266
253292
253293
253342
253356
253367
253412
253465
253473
253482
253544
253549
253552
253593
253600
253660
253688
253698
253705
253709
253715
253788
253874
253878
253889
253893
253913
253938
253944
253979
254009
254017
254035
254075
254086
254091
254119
254138
254161
254181
254232
254240
254301
254318
254356
254369
254413
254418
254425
254427
254429
254444
254455
254461
254480
254505
254533
254560
254578
254636
254653
254677
254682
254722
254728
254809
254831
254836
254838
254851
254856
254877
254939
254965
254976
255031
255077
255169
255176
255208
255245
255253
255378
255404
255406
255418
255447
255467
255468
255512
255640
255644
255646
255658
255674
255795
255799
255823
255835
255837
255839
255878
255923
255926
255950
255957
255996
256001
256021
256094
256135
256192
256212
256242
256323
256325
256399
256438
256442
256443
256482
256548
256562
256568
256581
256587
256604
256635
256638
256653
256707
256735
256741
256749
256752
256787
256788
256837
256879
256880
256924
256933
256939
256988
257020
257046
257062
257092
257103
257231
257236
257256
257303
257348
257383
257484
257558
257600
257634
257637
257677
257698
257702
257711
257738
257744
257762
257765
257809
257815
257819
257829
257854
257912
257921
258107
258116
258119
258151
258158
258227
258257
258290
258294
258338
258359
258361
258370
258377
258391
258450
258459
258472
258482
258486
258503
258543
258598
258613
258623
258630
258722
258726
258815
258847
258886
258921
258923
258944
258983
259042
259060
259102
259131
259153
259187
259224
259283
259291
259300
259316
259323
259338
259387
259413
259439
259488
259489
259502
259517
259523
259530
259543
259565
259577
259639
259725
259726
259733
259789
259793
259812
259852
259935
259944
259948
259960
259961
260000
260020
260025
260026
260029
260046
260087
260093
260122
260145
260191
260226
260266
260389
260403
260436
260485
260490
260505
260520
260523
260527
260532
260557
260600
260627
260658
260699
260714
260791
260792
260793
260799
260800
260853
260963
260999
261097
261110
261186
261253
261270
261286
261345
261363
261377
261385
261390
261421
261443
261444
261466
261473
261477
261488
261583
261608
261624
261643
261650
261691
261785
261799
261919
261962
261967
261998
262009
262033
262103
262111
262112
262153
262161
262239
262317
262365
262392
262433
262452
262472
262480
262637
262643
262654
262711
262757
262758
262834
262850
262853
262881
262893
262899
262926
262976
262991
263011
263027
263155
263191
263264
263342
263370
263382
263387
263400
263432
263433
263443
263449
263466
263474
263498
263499
263509
263545
263557
263654
263680
263695
263703
263731
263754
263760
263774
263787
263855
263882
263971
263980
264011
264021
264071
264076
264101
264135
264168
264246
264317
264332
264357
264361
264394
264417
264432
264478
264483
264500
264510
264559
264568
264583
264703
264708
264733
264747
264782
264794
264802
264815
264821
264848
264898
264907
264912
265018
265056
265105
265141
265150
265179
265196
265209
265239
265368
265429
265442
265455
265463
265466
265474
265476
265501
265549
265559
265574
265634
265649
265656
265665
265667
265673
265687
265691
265702
265705
265717
265721
265770
265775
265793
265822
265830
265834
265841
265874
265875
265881
265901
265927
265949
265967
265977
265982
265989
265996
266015
266127
266148
266188
266190
266192
266203
266233
266236
266237
266239
266288
266300
266363
266378
266379
266391
266472
266488
266498
266531
266558
266580
266605
266606
266646
266653
266680
266805
266820
266824
266851
266865
266918
266946
266955
266965
267006
267008
267035
267040
267107
267113
267125
267145
267223
267338
267355
267358
267369
267397
267436
267478
267509
267527
267532
267542
267545
267546
267570
267604
267614
267621
267626
267642
267679
267742
267744
267753
267773
267828
267850
267889
267928
267957
267963
267976
268020
268037
268104
268172
268187
268207
268216
268314
268318
268352
268367
268400
268454
268462
268482
268496
268516
268534
268535
268551
268582
268588
268634
268667
268690
268701
268860
268972
269033
269055
269088
269118
269124
269130
269174
269187
269200
269207
269245
269278
269322
269350
269351
269370
269451
269466
269515
269525
269595
269625
269635
269647
269671
269709
269727
269764
269786
269787
269793
269808
269825
269847
269868
269913
269954
269972
269992
269998
270023
270037
270060
270065
270123
270148
270160
270166
270267
270285
270308
270316
270320
270323
270342
270346
270355
270366
270400
270403
270405
270415
270419
270446
270449
270455
270459
270483
270488
270492
270495
270513
270534
270603
270607
270616
270619
270634
270642
270646
270817
270852
270865
270893
270913
270919
270920
270960
270961
270962
271069
271093
271098
271142
271276
271294
271315
271321
271333
271334
271343
271344
271362
271402
271407
271490
271494
271530
271583
271591
271649
271675
271700
271704
271713
271721
271810
271813
271817
271903
272005
272052
272068
272071
272096
272100
272129
272184
272196
272204
272258
272275
272279
272294
272306
272313
272329
272340
272342
272355
272369
272372
272395
272404
272424
272449
272474
272491
272517
272527
272536
272599
272704
272725
272780
272819
272841
272855
272871
272893
272903
272906
272947
272952
272968
272971
272982
273000
273014
273035
273043
273057
273063
273069
273163
273187
273206
273238
273255
273266
273267
273294
273298
273300
273307
273323
273359
273371
273392
273400
273420
273424
273446
273459
273481
273548
273580
273593
273596
273610
273635
273695
273700
273725
273768
273802
273827
273836
273847
273859
273862
273880
273922
273927
273948
273995
274001
274012
274015
274054
274113
274114
274132
274162
274170
274204
274235
274286
274291
274317
274328
274344
274376
274414
274444
274483
274499
274527
274614
274661
274665
274672
274676
274679
274716
274744
274769
274794
274801
274825
274849
274866
274885
274887
274907
274917
275001
275119
275124
275135
275145
275153
275167
275209
275217
275223
275227
275242
275244
275256
275265
275266
275280
275283
275338
275430
275444
275459
275485
275496
275497
275537
275582
275593
275611
275623
275658
275664
275680
275698
275701
275745
275808
275857
275870
275910
275954
275956
275976
275992
276013
276029
276085
276088
276089
276105
276132
276162
276180
276182
276200
276204
276227
276258
276286
276289
276322
276331
276335
276351
276356
276364
276391
276421
276438
276446
276476
276490
276590
276603
276637
276679
276712
276736
276752
276765
276772
276810
276856
276875
276890
276920
276926
277024
277035
277054
277058
277119
277142
277148
277163
277175
277221
277225
277335
277385
277388
277411
277431
277446
277450
277481
277484
277528
277624
277625
277666
277668
277702
277743
277752
277776
277819
277843
277845
277862
277905
277973
278021
278044
278052
278067
278129
278164
278176
278323
278359
278387
278464
278468
278469
278473
278492
278518
278521
278630
278632
278657
278665
278702
278762
278829
278842
278941
278948
278973
278979
279035
279171
279172
279173
279187
279225
279255
279276
279291
279430
279460
279493
279532
279546
279551
279581
279583
279602
279614
279641
279659
279747
279764
279808
279866
279888
279894
279914
279916
279940
280002
280073
280074
280111
280124
280161
280213
280233
280253
280276
280332
280341
280385
280430
280488
280500
280521
280542
280569
280589
280593
280660
280661
280666
280674
280677
280717
280721
280769
280780
280821
280826
280848
280928
280929
280967
280968
280970
280972
281014
281056
281060
281077
281094
281139
281149
281163
281167
281221
281247
281295
281307
281337
281377
281378
281403
281417
281486
281503
281518
281566
281608
281615
281616
281619
281646
281683
281745
281787
281832
281871
281879
281929
281937
281971
281983
282010
282038
282042
282062
282134
282190
282198
282208
282244
282271
282468
282479
282497
282531
282544
282578
282595
282636
282659
282684
282750
282806
282809
282865
282868
282883
282969
282979
282987
283104
283124
283148
283156
283193
283255
283270
283273
283316
283356
283410
283413
283444
283452
283477
283481
283498
283541
283551
283587
283590
283602
283646
283647
283694
283706
283710
283745
283750
283784
283807
283809
283826
283838
283840
283865
283900
283905
283911
283925
283929
283957
283976
283979
283998
284000
284004
284033
284054
284105
284108
284110
284112
284117
284164
284188
284259
284268
284272
284318
284343
284360
284365
284369
284377
284417
284464
284518
284582
284602
284713
284799
284800
284823
284851
284858
284926
285055
285095
285131
285141
285197
285212
285229
285273
285490
285493
285497
285514
285553
285586
285617
285624
285648
285661
285674
285696
285720
285726
285740
285764
285819
285834
285867
285880
285881
285883
285934
285960
285975
286025
286050
286136
286142
286160
286225
286271
286274
286297
286316
286317
286339
286358
286365
286396
286402
286411
286413
286416
286442
286467
286479
286490
286497
286503
286508
286534
286542
286587
286603
286646
286656
286672
286685
286724
286750
286816
286841
286999
287078
287144
287159
287218
287255
287263
287268
287270
287303
287310
287345
287385
287510
287520
287562
287569
287591
287598
287634
287642
287666
287673
287675
287689
287778
287868
287894
287930
287936
287955
287994
288002
288053
288081
288102
288133
288170
288197
288232
288256
288271
288318
288367
288404
288431
288453
288466
288481
288489
288498
288524
288558
288565
288577
288592
288648
288672
288762
288797
288841
288857
288864
288892
288894
288908
288911
288944
288948
288956
288964
288995
289007
289015
289051
289067
289072
289220
289268
289282
289284
289333
289352
289354
289385
289414
289439
289451
289482
289533
289599
289615
289638
289648
289672
289692
289705
289707
289743
289837
289856
289859
289894
290013
290032
290037
290058
290077
290079
290081
290102
290106
290107
290119
290133
290164
290165
290170
290178
290182
290191
290195
290205
290227
290273
290283
290314
290367
290374
290382
290384
290402
290413
290437
290488
290522
290572
290578
290582
290591
290648
290670
290704
290725
290744
290763
290794
290798
290804
290836
290865
290866
290867
290886
290896
290899
290924
290933
290936
290950
290983
291007
291024
291045
291072
291085
291096
291106
291112
291188
291253
291261
291335
291395
291428
291473
291481
291488
291539
291540
291554
291570
291572
291575
291596
291602
291626
291628
291654
291660
291669
291710
291720
291735
291761
291781
291810
291819
291839
291851
291931
291974
292042
292078
292100
292134
292135
292231
292233
292239
292352
292445
292450
292486
292504
292507
292547
292585
292602
292616
292721
292752
292785
292788
292814
292840
292863
292873
292973
292986
292990
293004
293035
293051
293054
293059
293088
293112
293122
293145
293190
293217
293267
293273
293301
293314
293315
293337
293342
293357
293364
293379
293388
293390
293397
293418
293437
293472
293628
293688
293690
293718
293752
293760
293765
293789
293810
293869
293889
293953
294015
294032
294066
294089
294104
294117
294170
294200
294209
294246
294249
294269
294295
294336
294359
294363
294365
294373
294395
294407
294499
294520
294579
294583
294615
294648
294793
294834
294852
294857
294880
294903
294908
294909
294948
294953
295019
295080
295091
295094
295108
295147
295157
295195
295307
295324
295347
295365
295430
295452
295511
295538
295544
295576
295578
295627
295633
295634
295635
295649
295653
295666
295697
295737
295773
295845
295871
295975
295996
296066
296072
296076
296089
296103
296117
296118
296119
296145
296175
296183
296187
296273
296287
296341
296352
296387
296390
296417
296434
296469
296522
296527
296529
296543
296615
296652
296672
296676
296710
296737
296764
296824
296826
296881
296897
296907
296914
296948
296972
297025
297026
297084
297104
297184
297185
297225
297243
297249
297282
297297
297318
297334
297343
297389
297418
297422
297511
297512
297604
297608
297626
297631
297634
297651
297658
297663
297752
297770
297786
297814
297879
297886
297949
297984
298001
298011
298120
298121
298128
298151
298189
298216
298246
298267
298282
298306
298311
298340
298350
298372
298392
298413
298448
298494
298495
298520
298540
298549
298580
298585
298620
298638
298663
298669
298704
298706
298770
298785
298788
298838
298851
298875
298917
298943
299003
299026
299034
299053
299054
299063
299107
299125
299145
299161
299168
299196
299227
299256
299265
299336
299340
299353
299404
299452
299479
299502
299522
299529
299565
299577
299595
299634
299653
299715
299717
299739
299752
299759
299827
299830
299861
299895
299996
300001
300028
300044
300074
300095
300109
300126
300176
300212
300307
300323
300341
300380
300397
300419
300431
300467
300560
300584
300608
300620
300653
300664
300675
300767
300799
300805
300808
300829
300917
300918
300970
301009
301010
301013
301014
301018
301019
301020
301023
301032
301053
301081
301090
301110
301119
301126
301171
301192
301297
301299
301309
301352
301362
301399
301429
301458
301508
301525
301572
301620
301625
301634
301684
301695
301728
301737
301772
301773
301782
301802
301812
301814
301819
301841
301894
301901
301922
301931
301945
301956
301985
302011
302020
302034
302036
302068
302070
302071
302119
302122
302209
302226
302248
302274
302276
302316
302332
302344
302389
302404
302406
302408
302409
302508
302516
302522
302544
302573
302677
302679
302703
302705
302712
302772
302790
302807
302836
302861
302876
302891
302893
302897
302923
302928
302977
302981
302985
303031
303032
303070
303082
303094
303135
303154
303210
303217
303254
303260
303311
303369
303400
303424
303462
303474
303484
303530
303547
303557
303598
303652
303680
303723
303728
303740
303753
303865
303882
303889
303896
303949
303951
303984
304013
304060
304066
304077
304141
304151
304167
304239
304251
304287
304328
304363
304378
304403
304436
304439
304443
304452
304508
304511
304539
304572
304639
304651
304685
304719
304744
304751
304769
304774
304811
304824
304839
304943
304947
304951
304952
304970
304998
305030
305066
305080
305098
305121
305134
305152
305157
305160
305170
305179
305186
305214
305220
305247
305264
305265
305291
305300
305481
305508
305588
305628
305651
305657
305709
305738
305740
305785
305799
305818
305821
305861
305873
305898
305961
305971
305994
306015
306034
306072
306085
306107
306130
306134
306152
306155
306181
306227
306239
306253
306328
306330
306333
306335
306356
306384
306435
306452
306469
306480
306507
306546
306565
306597
306650
306656
306768
306788
306792
306831
306841
306864
306869
306907
306949
306952
306959
306977
307006
307019
307055
307089
307151
307159
307177
307206
307213
307223
307226
307273
307278
307286
307301
307322
307328
307358
307442
307465
307532
307550
307573
307580
307596
307627
307655
307672
307692
307706
307709
307750
307772
307773
307791
307809
307832
307841
307897
307898
307900
307913
307950
308014
308055
308084
308105
308110
308133
308137
308169
308185
308187
308188
308195
308211
308220
308224
308244
308252
308297
308310
308342
308345
308353
308504
308544
308619
308693
308694
308781
308794
308797
308802
308809
308869
308928
308967
308981
309022
309078
309132
309166
309188
309206
309240
309259
309282
309296
309351
309384
309398
309412
309426
309487
309504
309506
309518
309525
309549
309556
309575
309596
309629
309652
309692
309696
309697
309750
309753
309759
309775
309779
309783
309833
309862
309890
309907
309914
309948
309949
310130
310228
310266
310336
310370
310379
310415
310454
310496
310515
310552
310644
310651
310663
310666
310683
310701
310731
310742
310752
310780
310787
310803
310826
310877
310906
310917
311024
311052
311055
311066
311080
311081
311148
311206
311255
311280
311283
311316
311381
311426
311447
311477
311557
311574
311624
311662
311676
311679
311685
311693
311696
311738
311788
311794
311841
311843
311860
311899
311939
311958
311966
312020
312028
312065
312100
312103
312110
312119
312160
312177
312187
312215
312246
312255
312312
312329
312334
312434
312486
312503
312506
312541
312568
312635
312652
312662
312701
312714
312744
312776
312826
312858
312870
312947
312981
313027
313031
313047
313081
313091
313092
313127
313128
313137
313174
313202
313218
313233
313257
313262
313265
313283
313328
313375
313377
313378
313385
313460
313476
313484
313540
313589
313676
313751
313824
313843
313867
313887
313899
313913
313935
313972
313988
313998
314012
314015
314094
314135
314169
314217
314254
314291
314295
314340
314366
314373
314388
314389
314407
314408
314412
314419
314449
314471
314513
314646
314710
314722
314734
314759
314838
314871
314922
314948
314984
315010
315026
315032
315075
315093
315096
315102
315128
315234
315237
315254
315303
315360
315370
315390
315436
315443
315487
315491
315512
315532
315611
315625
315635
315650
315681
315702
315731
315804
315809
315822
315848
315887
315894
315904
315948
315952
316000
316009
316079
316096
316128
316158
316201
316281
316299
316334
316354
316369
316371
316382
316397
316472
316532
316645
316655
316663
316671
316695
316729
316809
316830
316843
316870
316916
316942
316943
316986
317001
317047
317062
317080
317090
317103
317110
317146
317159
317161
317186
317187
317205
317244
317250
317265
317266
317273
317277
317281
317298
317355
317400
317479
317493
317511
317528
317533
317574
317631
317643
317648
317681
317682
317709
317736
317772
317781
317784
317793
317815
317820
317857
317864
317865
317868
317912
317955
317979
318001
318045
318047
318071
318144
318153
318159
318168
318196
318220
318269
318344
318445
318448
318455
318456
318498
318566
318591
318606
318673
318783
318825
318880
318953
318983
318992
319028
319058
319064
319105
319111
319124
319201
319205
319206
319221
319234
319244
319246
319251
319268
319281
319285
319301
319317
319324
319381
319425
319436
319438
319455
319487
319561
319583
319618
319638
319687
319721
319741
319766
319807
319820
319833
319840
319845
319879
319904
319925
319933
319940
319944
319966
319968
319975
320043
320078
320121
320134
320136
320151
320171
320211
320218
320221
320234
320246
320257
320288
320291
320304
320306
320329
320353
320376
320427
320449
320501
320505
320523
320530
320546
320580
320598
320621
320666
320670
320680
320775
320780
320786
320803
320811
320816
320876
320884
320958
321044
321046
321057
321063
321118
321150
321199
321299
321324
321372
321413
321446
321455
321466
321472
321479
321563
321585
321588
321608
321652
321808
321831
321833
321853
321860
321880
321911
321939
321941
321971
322012
322033
322078
322082
322085
322090
322092
322123
322129
322138
322149
322165
322184
322195
322239
322245
322270
322288
322296
322297
322326
322327
322375
322380
322400
322446
322486
322488
322528
322595
322655
322665
322689
322732
322739
322759
322764
322781
322863
322866
322875
322924
323016
323029
323051
323100
323105
323108
323117
323134
323152
323163
323223
323240
323336
323350
323351
323438
323531
323549
323553
323561
323562
323573
323595
323630
323746
323774
323788
323812
323865
323886
323941
323942
323947
323955
323975
323990
324059
324072
324077
324167
324220
324221
324240
324256
324305
324307
324469
324484
324538
324557
324563
324584
324602
324603
324626
324721
324734
324762
324865
324870
324950
324972
325006
325028
325031
325053
325077
325095
325101
325106
325238
325239
325332
325371
325374
325378
325384
325389
325537
325550
325579
325621
325648
325650
325652
325664
325691
325737
325755
325762
325765
325850
325887
326066
326091
326106
326148
326172
326190
326193
326233
326235
326245
326299
326313
326332
326339
326353
326383
326391
326399
326404
326439
326458
326464
326532
326593
326605
326620
326622
326625
326664
326741
326755
326759
326761
326784
326790
326800
326817
326892
326918
326933
326936
327000
327045
327113
327114
327160
327169
327187
327191
327195
327246
327251
327330
327341
327353
327359
327366
327376
327403
327404
327428
327491
327494
327500
327514
327519
327533
327535
327540
327605
327620
327636
327647
327675
327684
327714
327717
327723
327790
327843
327863
327976
327981
328013
328026
328032
328054
328103
328147
328157
328195
328210
328251
328294
328296
328297
328312
328317
328323
328347
328415
328437
328441
328454
328535
328565
328593
328605
328635
328642
328656
328669
328677
328719
328724
328751
328771
328783
328853
328885
328901
328910
328985
329069
329095
329096
329189
329216
329223
329228
329235
329238
329245
329270
329317
329333
329345
329356
329363
329370
329395
329437
329448
329477
329478
329488
329563
329569
329571
329593
329621
329629
329712
329776
329869
329882
329889
329895
329903
329924
329927
329928
329933
329947
329978
330049
330090
330121
330138
330144
330160
330210
330235
330256
330265
330273
330298
330303
330333
330348
330369
330384
330386
330406
330426
330440
330485
330487
330493
330503
330543
330549
330558
330574
330615
330616
330639
330649
330670
330676
330707
330738
330818
330822
330851
330869
330893
330901
330913
330947
330962
330989
330992
330997
330999
331046
331063
331071
331110
331131
331172
331275
331279
331287
331321
331327
331334
331347
331355
331357
331380
331394
331425
331496
331509
331691
331693
331699
331706
331722
331738
331744
331821
331827
331843
331864
331891
331932
331950
331964
331991
332001
332070
332073
332105
332128
332198
332206
332241
332254
332283
332336
332369
332386
332450
332470
332477
332496
332509
332543
332550
332562
332566
332637
332687
332719
332731
332743
332744
332764
332767
332788
332869
332872
332920
332934
332994
333000
333068
333107
333147
333168
333201
333209
333215
333220
333270
333321
333364
333385
333390
333546
333562
333571
333676
333716
333727
333734
333810
333826
333830
333837
333859
333907
333960
333971
334002
334005
334026
334077
334128
334156
334163
334204
334209
334216
334251
334302
334326
334335
334348
334350
334370
334374
334422
334506
334541
334548
334555
334616
334644
334662
334673
334701
334758
334772
334801
334843
334851
334854
334883
334899
334943
334970
334977
334980
334984
335004
335050
335079
335081
335083
335165
335198
335225
335272
335300
335327
335371
335374
335390
335397
335435
335443
335486
335499
335506
335529
335554
335598
335604
335607
335615
335636
335638
335687
335735
335795
335816
335820
335867
335905
335965
336007
336025
336041
336046
336099
336101
336123
336164
336203
336248
336272
336321
336415
336450
336487
336511
336597
336609
336615
336637
336703
336771
336794
336800
336802
336815
336848
336881
336893
336917
336942
336979
337043
337106
337118
337138
337173
337200
337239
337243
337264
337278
337306
337310
337327
337345
337346
337410
337418
337431
337444
337454
337481
337611
337623
337632
337634
337649
337668
337707
337781
337834
337926
337949
338021
338081
338090
338095
338113
338114
338122
338124
338125
338146
338179
338185
338199
338204
338235
338248
338259
338264
338271
338293
338324
338372
338379
338465
338474
338518
338558
338582
338686
338739
338843
338857
338895
338903
338927
338931
338974
338977
339020
339027
339045
339072
339075
339081
339086
339145
339160
339238
339260
339312
339347
339375
339379
339389
339390
339418
339437
339445
339465
339502
339554
339637
339642
339700
339704
339777
339789
339797
339804
339856
339869
339884
339902
339978
339995
340040
340079
340089
340140
340175
340187
340215
340217
340266
340294
340330
340364
340372
340382
340500
340504
340530
340564
340588
340605
340607
340630
340745
340758
340787
340796
340813
340817
340819
340830
340874
340893
340923
340938
340941
340947
340950
340993
341016
341061
341090
341097
341099
341132
341138
341180
341219
341227
341239
341357
341427
341429
341439
341445
341475
341479
341487
341525
341575
341628
341667
341780
341809
341814
341820
341833
341836
341838
341885
341900
341911
341948
341980
342050
342053
342058
342069
342092
342122
342125
342146
342189
342237
342250
342251
342261
342293
342295
342313
342328
342331
342334
342354
342401
342428
342442
342458
342472
342559
342573
342581
342590
342592
342603
342687
342764
342780
342787
342807
342832
342873
342875
342880
342885
342894
342933
342955
342960
342999
343023
343026
343034
343041
343054
343087
343186
343190
343231
343257
343264
343266
343287
343332
343344
343352
343356
343364
343372
343375
343379
343422
343458
343471
343568
343582
343593
343613
343633
343651
343723
343734
343744
343797
343834
343869
343911
343921
343997
344061
344107
344128
344193
344199
344237
344314
344320
344327
344332
344345
344379
344388
344391
344412
344440
344516
344526
344647
344662
344665
344764
344801
344821
344875
344891
344975
345004
345018
345023
345062
345099
345154
345222
345235
345280
345340
345350
345432
345441
345484
345489
345491
345494
345508
345520
345530
345533
345579
345644
345649
345654
345664
345672
345696
345705
345713
345716
345733
345736
345796
345800
345804
345811
345843
345845
345861
345891
345921
346060
346091
346093
346099
346119
346132
346201
346226
346292
346365
346405
346409
346414
346448
346471
346500
346514
346522
346524
346547
346607
346610
346614
346618
346688
346691
346756
346775
346833
346842
346875
346889
346908
346914
346940
346959
346985
347050
347062
347068
347097
347130
347136
347237
347270
347311
347321
347335
347341
347353
347364
347367
347378
347379
347380
347381
347400
347406
347420
347428
347448
347449
347459
347472
347517
347522
347598
347638
347647
347685
347686
347699
347720
347775
347841
347854
347855
347917
347931
347935
347940
347948
347996
348046
348084
348185
348189
348215
348242
348264
348282
348314
348334
348407
348447
348494
348564
348578
348605
348612
348618
348639
348657
348673
348692
348721
348780
348791
348839
348841
348847
348872
348905
348919
348939
348947
348994
349003
349039
349077
349098
349110
349214
349295
349318
349333
349348
349379
349402
349446
349495
349523
349540
349542
349562
349569
349574
349644
349685
349740
349748
349751
349756
349761
349762
349778
349851
349857
349860
349877
349904
349945
349965
349975
349993
349995
350004
350026
350049
350091
350094
350128
350133
350152
350175
350227
350280
350326
350344
350367
350377
350416
350417
350425
350437
350510
350537
350545
350572
350601
350652
350674
350694
350730
350783
350788
350806
350811
350853
350904
350926
350931
350946
350959
350972
350981
350985
351012
351033
351039
351083
351113
351144
351159
351163
351182
351189
351225
351236
351255
351340
351435
351449
351497
351550
351561
351567
351621
351623
351699
351703
351744
351772
351802
351814
351846
351859
351978
352007
352108
352109
352125
352145
352159
352163
352267
352297
352339
352353
352393
352400
352433
352481
352572
352587
352621
352635
352648
352704
352740
352805
352824
352869
352874
352877
352886
352909
352949
353083
353084
353108
353142
353143
353212
353229
353237
353259
353263
353266
353309
353331
353346
353358
353360
353410
353418
353479
353496
353505
353531
353538
353543
353551
353569
353599
353629
353710
353743
353783
353787
353797
353808
353812
353819
353845
353858
353886
353907
353923
353927
353944
353973
353994
353997
354005
354022
354038
354070
354081
354093
354131
354136
354173
354175
354184
354244
354261
354302
354314
354366
354381
354412
354442
354455
354459
354495
354597
354603
354622
354625
354677
354678
354740
354818
354824
354862
354880
354910
354912
354923
354982
355018
355082
355128
355218
355237
355276
355313
355335
355343
355364
355375
355396
355412
355416
355423
355427
355440
355478
355551
355591
355642
355657
355663
355669
355674
355739
355766
355787
355807
355856
355866
355907
355967
355984
355990
355994
355996
356021
356034
356059
356080
356112
356142
356164
356189
356268
356271
356277
356366
356377
356394
356414
356420
356448
356460
356467
356474
356480
356542
356556
356586
356646
356650
356651
356708
356712
356794
356846
356878
356900
356905
356919
356941
356961
356967
357007
357039
357040
357055
357129
357276
357277
357281
357318
357322
357325
357331
357342
357347
357354
357375
357409
357414
357423
357473
357512
357538
357583
357637
357638
357646
357654
357669
357673
357677
357687
357716
357719
357732
357740
357798
357804
357850
357864
357878
357885
357975
357984
358028
358048
358060
358127
358129
358131
358144
358155
358179
358205
358209
358270
358282
358300
358307
358378
358426
358429
358449
358492
358511
358542
358576
358590
358594
358635
358646
358661
358664
358718
358724
358734
358754
358759
358772
358789
358827
358850
358861
358863
358869
358880
358886
358976
358994
359027
359033
359045
359067
359096
359129
359135
359163
359164
359243
359255
359299
359356
359366
359478
359499
359533
359541
359577
359598
359653
359659
359673
359702
359720
359741
359764
359795
359857
359874
359900
359909
359939
359947
359960
359984
360052
360063
360067
360110
360111
360136
360149
360171
360178
360264
360302
360307
360309
360399
360430
360438
360483
360499
360553
360565
360576
360623
360751
360758
360761
360815
360832
360851
360859
360866
360874
360888
360962
360974
360992
361026
361038
361085
361098
361111
361183
361193
361234
361258
361282
361360
361381
361390
361399
361449
361465
361550
361614
361617
361632
361666
361667
361670
361706
361721
361728
361737
361824
361858
361861
361889
361909
361925
361985
361990
362008
362055
362058
362135
362159
362166
362181
362200
362275
362305
362381
362413
362434
362451
362472
362473
362484
362513
362528
362530
362550
362611
362720
362721
362728
362730
362794
362814
362840
362888
362921
362933
362935
362991
362995
363007
363015
363039
363042
363064
363084
363102
363117
363162
363211
363218
363270
363308
363333
363362
363366
363386
363403
363426
363445
363483
363486
363502
363521
363538
363548
363595
363624
363639
363669
363674
363697
363698
363725
363750
363761
363763
363798
363803
363827
363848
363981
364044
364056
364093
364094
364112
364137
364162
364246
364282
364290
364319
364356
364360
364370
364374
364404
364412
364415
364420
364427
364463
364476
364498
364597
364647
364727
364743
364775
364789
364823
364914
364950
364990
365010
365017
365043
365092
365094
365128
365153
365221
365369
365371
365453
365458
365482
365488
365494
365497
365512
365514
365518
365553
365558
365579
365583
365601
365676
365739
365750
365768
365789
365798
365800
365825
365854
365866
365916
365935
365941
365949
365992
366003
366012
366015
366036
366074
366110
366152
366228
366252
366256
366348
366349
366406
366451
366471
366485
366526
366550
366622
366657
366712
366717
366742
366777
366797
366803
366808
366845
366866
366911
366915
366931
366942
366947
366955
366972
366979
366987
367007
367019
367029
367040
367094
367100
367127
367133
367135
367208
367211
367216
367234
367254
367258
367308
367319
367337
367382
367390
367391
367414
367418
367424
367479
367496
367568
367593
367594
367615
367619
367622
367624
367649
367680
367760
367808
367821
367856
367876
367973
367976
367977
367985
368001
368022
368042
368060
368071
368075
368125
368165
368169
368170
368183
368215
368242
368245
368266
368295
368385
368414
368419
368454
368464
368469
368522
368550
368583
368590
368607
368641
368672
368693
368724
368726
368735
368738
368742
368771
368793
368815
368825
368861
368868
368889
368890
368929
368967
368991
369115
369116
369119
369123
369141
369188
369199
369203
369209
369216
369223
369226
369256
369261
369282
369366
369369
369377
369396
369437
369477
369489
369548
369553
369557
369583
369611
369621
369681
369683
369688
369746
369770
369774
369778
369815
369823
369824
369833
369875
369894
369937
369944
369955
370031
370037
370039
370105
370116
370120
370125
370137
370178
370235
370279
370354
370359
370365
370394
370398
370440
370453
370456
370481
370491
370513
370546
370598
370601
370602
370613
370634
370669
370681
370711
370741
370743
370754
370783
370790
370842
370939
370947
370963
371022
371032
371052
371060
371064
371070
371124
371155
371178
371181
371190
371200
371227
371228
371242
371258
371262
371267
371278
371288
371294
371336
371354
371358
371375
371432
371433
371434
371487
371490
371504
371545
371629
371635
371643
371652
371678
371681
371685
371726
371755
371769
371783
371789
371806
371811
371847
371908
371915
371963
371991
371995
372011
372032
372042
372071
372086
372149
372169
372207
372216
372237
372274
372281
372357
372367
372449
372506
372528
372534
372579
372623
372650
372656
372660
372693
372697
372805
372810
372853
372910
372930
372954
373014
373022
373057
373058
373114
373117
373162
373180
373195
373277
373288
373296
373302
373341
373358
373419
373446
373460
373498
373525
373529
373541
373554
373576
373587
373624
373672
373700
373725
373731
373741
373761
373809
373823
373828
373879
373892
373896
373927
373932
373935
373940
373969
374020
374033
374034
374071
374086
374149
374163
374269
374289
374330
374377
374388
374403
374469
374478
374532
374615
374617
374618
374659
374672
374688
374716
374756
374778
374783
374789
374812
374842
374849
374851
374856
374862
374884
374886
374891
374943
374961
374962
