#         t          x          y          z         vx         vy         vz
      0.000    -98.600   -119.990   -127.780    -28.430    173.920     93.230
      0.100   -101.061   -102.173   -117.985    -20.789    182.422    102.671
      0.200   -102.658    -83.492   -107.183    -11.156    191.201    113.363
      0.300   -103.158    -63.931    -95.239      1.152    200.017    125.528
      0.400   -102.246    -43.512    -81.994     17.090    208.354    139.361
      0.500    -99.495    -22.337    -67.281     37.934    215.158    154.898
      0.600    -94.340     -0.659    -50.953     65.168    218.389    171.677
      0.700    -86.095     20.985    -32.969     99.732    214.495    188.001
      0.800    -74.115     41.650    -13.568    139.870    198.803    200.015
      0.900    -58.198     60.047      6.557    178.464    169.139    202.487
      1.000    -38.989     75.066     26.324    205.726    131.238    192.851
      1.100    -17.767     86.344     44.781    218.702     94.336    176.284
      1.200      4.219     94.235     61.490    221.018     63.476    157.910
      1.300     26.131     99.372     76.412    217.223     39.271    140.524
      1.400     47.512    102.366     89.691    210.409     20.603    125.054
      1.500     68.147    103.704    101.522    202.297      6.150    111.571
      1.600     87.951    103.753    112.094    193.778     -5.172     99.860
      1.700    106.905    102.786    121.569    185.296    -14.162     89.648
      1.800    125.023    101.008    130.086    177.061    -21.398     80.681
      1.900    142.334     98.574    137.757    169.166    -27.292     72.745
      2.000    158.874     95.602    144.678    161.640    -32.143     65.666
      2.100    174.681     92.186    150.926    154.483    -36.172     59.305
      2.200    189.789     88.400    156.569    147.679    -39.544     53.549
      2.300    204.233     84.304    161.662    141.205    -42.381     48.306
      2.400    218.045     79.946    166.252    135.036    -44.781     43.504
      2.500    231.254     75.366    170.381    129.148    -46.816     39.082
      2.600    243.887     70.598    174.085    123.516    -48.547     34.989
      2.700    255.969     65.670    177.394    118.118    -50.018     31.185
      2.800    267.522     60.605    180.335    112.934    -51.268     27.635
      2.900    278.566     55.426    182.932    107.945    -52.328     24.309
      3.000    289.120     50.148    185.207    103.136    -53.223     21.184
      3.100    299.201     44.788    187.178     98.489    -53.973     18.236
      3.200    308.825     39.360    188.862     93.992    -54.595     15.449
      3.300    318.006     33.875    190.275     89.632    -55.105     12.807
      3.400    326.757     28.344    191.430     85.397    -55.513     10.295
      3.500    335.091     22.777    192.340     81.279    -55.831      7.902
      3.600    343.018     17.182    193.016     77.266    -56.068      5.618
      3.700    350.549     11.567    193.468     73.351    -56.230      3.432
      3.800    357.693      5.939    193.706     69.526    -56.325      1.337
      3.900    364.459      0.305    193.740     65.783    -56.357     -0.675
      4.000    370.854     -5.329    193.575     62.117    -56.332     -2.610
      4.100    376.885    -10.959    193.221     58.520    -56.254     -4.474
      4.200    382.561    -16.578    192.684     54.988    -56.125     -6.272
      4.300    387.886    -22.181    191.970     51.515    -55.951     -8.010
      4.400    392.867    -27.766    191.085     48.096    -55.732     -9.690
      4.500    397.508    -33.326    190.034     44.727    -55.472    -11.318
      4.600    401.814    -38.858    188.823     41.403    -55.171    -12.897
      4.700    405.790    -44.358    187.457     38.121    -54.833    -14.429
      4.800    409.440    -49.823    185.940     34.876    -54.458    -15.918
      4.900    412.767    -55.248    184.276     31.665    -54.048    -17.367
      5.000    415.775    -60.631    182.468     28.484    -53.603    -18.777
      5.100    418.465    -65.967    180.522     25.331    -53.125    -20.152
      5.200    420.842    -71.254    178.440     22.202    -52.613    -21.493
      5.300    422.907    -76.488    176.225     19.093    -52.069    -22.802
      5.400    424.662    -81.666    173.881     16.003    -51.492    -24.081
      5.500    426.108    -86.785    171.410     12.929    -50.883    -25.332
      5.600    427.248    -91.841    168.816      9.866    -50.242    -26.556
      5.700    428.082    -96.832    166.100      6.814    -49.569    -27.753
      5.800    428.611   -101.753    163.266      3.768    -48.863    -28.927
      5.900    428.836   -106.603    160.316      0.727    -48.124    -30.077
      6.000    428.757   -111.376    157.252     -2.312    -47.352    -31.205
      6.100    428.373   -116.071    154.076     -5.352    -46.545    -32.312
      6.200    427.686   -120.684    150.791     -8.396    -45.703    -33.398
      6.300    426.694   -125.210    147.397    -11.445    -44.825    -34.465
      6.400    425.396   -129.647    143.898    -14.504    -43.911    -35.513
      6.500    423.793   -133.990    140.296    -17.573    -42.958    -36.543
      6.600    421.881   -138.236    136.591    -20.657    -41.965    -37.556
      6.700    419.660   -142.381    132.785    -23.758    -40.931    -38.551
      6.800    417.128   -146.420    128.881    -26.879    -39.854    -39.529
      6.900    414.283   -150.350    124.880    -30.022    -38.732    -40.492
      7.000    411.123   -154.164    120.784    -33.192    -37.562    -41.438
      7.100    407.643   -157.860    116.594    -36.391    -36.343    -42.368
      7.200    403.843   -161.431    112.311    -39.622    -35.072    -43.283
      7.300    399.717   -164.871    107.938    -42.890    -33.745    -44.181
      7.400    395.263   -168.177    103.476    -46.198    -32.359    -45.064
      7.500    390.475   -171.340     98.926    -49.549    -30.911    -45.930
      7.600    385.351   -174.355     94.290    -52.949    -29.396    -46.780
      7.700    379.883   -177.216     89.571    -56.401    -27.810    -47.613
      7.800    374.068   -179.914     84.769    -59.910    -26.148    -48.428
      7.900    367.898   -182.441     79.886    -63.482    -24.404    -49.224
      8.000    361.368   -184.790     74.925    -67.121    -22.571    -50.001
      8.100    354.470   -186.951     69.887    -70.835    -20.643    -50.756
      8.200    347.197   -188.913     64.775    -74.628    -18.611    -51.488
      8.300    339.540   -190.667     59.591    -78.509    -16.466    -52.195
      8.400    331.490   -192.200     54.337    -82.484    -14.197    -52.874
      8.500    323.038   -193.500     49.017    -86.563    -11.794    -53.523
      8.600    314.172   -194.552     43.634    -90.753     -9.242    -54.137
      8.700    304.881   -195.340     38.192    -95.065     -6.526    -54.713
      8.800    295.152   -195.848     32.694    -99.510     -3.628    -55.244
      8.900    284.972   -196.056     27.146   -104.100     -0.528    -55.723
      9.000    274.325   -195.942     21.552   -108.848      2.800    -56.143
      9.100    263.194   -195.483     15.920   -113.768      6.383    -56.494
      9.200    251.562   -194.651     10.258   -118.876     10.254    -56.761
      9.300    239.408   -193.416      4.573   -124.191     14.455    -56.931
      9.400    226.712   -191.741     -1.122   -129.730     19.032    -56.980
      9.500    213.450   -189.588     -6.815   -135.515     24.043    -56.865
      9.600    199.596   -186.908    -12.486   -141.566     29.559    -56.570
      9.700    185.122   -183.646    -18.118   -147.905     35.665    -56.052
      9.800    169.999   -179.740    -23.683   -154.555     42.470    -55.253
      9.900    154.195   -175.111    -29.150   -161.534     50.108    -54.097
     10.000    137.676   -169.668    -34.479   -168.850     58.751    -52.479
     10.100    120.408   -163.299    -39.616   -176.498     68.618    -50.256
