166
208
380
817
893
1159
1266
1608
1835
1895
1970
2596
2876
2913
2953
3253
3352
3429
3490
3630
3782
3834
3992
4128
4263
4567
4653
4709
4790
4842
4872
5274
5360
5434
5824
5827
5983
5986
6130
6183
6223
6266
6276
6302
6380
6485
6690
6699
6984
7152
7333
7419
7545
7702
7730
7779
7842
7919
8178
8699
8721
8805
9008
9052
9242
9310
9396
9469
9718
9792
9795
9821
10119
10331
10359
10391
10484
10490
10498
10541
10666
10692
10891
11128
11382
11425
11459
11807
12020
12350
12655
12719
13324
13416
13482
13770
14691
14789
14810
14826
14935
14946
15029
15427
15488
15752
15841
15844
15942
16456
16459
16537
16602
16873
16880
16947
17045
17055
17056
17072
17366
17372
17561
17576
17738
17824
17834
17903
18566
18574
18584
18798
18887
18935
19067
19273
19303
19377
19448
19466
19639
19742
20027
20199
20353
20697
20972
21112
21244
21408
21688
22045
22111
22453
22492
22780
23342
23343
23630
23875
24179
24375
24431
24613
25123
25350
25456
25596
25785
26154
26473
26488
26565
27080
27267
27342
27445
27595
27679
27778
27780
27983
28156
28371
28488
28592
29079
29159
29273
29417
29482
29558
29643
29989
30130
30169
30402
30438
30560
30638
31241
31279
31466
31565
31949
31962
32484
32721
32755
32780
32796
33143
33796
33844
33914
33963
34127
34191
34587
34675
34680
34792
35059
35194
35266
35360
35760
35828
35862
36222
36266
36539
36542
36554
37118
37124
37411
37553
37669
37954
38239
38534
38680
38929
39116
39123
39374
39499
39511
39563
39763
39877
40017
40144
40246
40624
40872
40881
40924
41003
41174
41260
41980
42089
42493
42633
42662
42766
42885
42996
43047
43050
43096
43399
43567
43579
43590
43671
43687
43937
44169
44173
44422
45016
45023
45068
45134
45211
45269
45327
45675
45740
45910
45943
46003
46092
46188
46237
46248
46356
46515
46615
46688
46770
46859
46905
47048
47360
47574
47720
48090
48171
48172
48214
48369
48390
48484
48555
48563
48621
48645
48749
48872
48875
48927
49026
49187
49197
49310
49526
49849
50157
50414
50445
50504
50820
50845
50866
50900
50977
51084
51085
51137
51159
51232
51293
51548
51681
52027
52228
52289
52321
52325
52879
52953
52994
53165
53169
53276
53290
53446
53545
53634
53701
53737
53883
53897
54046
54284
54405
54471
54594
54618
54637
54851
54917
55286
55457
55629
55713
55868
55900
56056
56069
56311
56442
56554
56686
56765
57024
57218
57581
57619
57748
57873
57935
58258
58277
58499
58858
58935
58961
59240
59490
59716
59718
59734
59744
59925
60048
60132
60271
60281
60287
60846
60910
60944
61055
61185
61329
61419
61487
61541
61727
61872
62241
62405
62549
62652
62676
62754
62887
62982
63183
63477
63587
63957
63997
64070
64300
64485
64743
64943
65080
65167
65518
65568
65720
66199
66598
66988
67239
67254
67699
68456
68457
68814
68850
68884
68897
69171
69261
69280
69536
69546
69556
69690
70115
70169
70177
70360
70391
70545
70609
70700
70826
70883
71133
71257
71342
71364
71572
71643
71705
71802
72292
72304
72320
72363
72521
72541
72615
72843
72976
73412
73428
73696
73782
73852
74038
74105
74281
74620
74661
74703
75170
75179
75301
75369
75417
75457
75669
75695
75837
76612
76881
76902
76936
76947
76961
77130
77136
77547
77775
77899
78267
78286
78393
78461
78696
78707
78791
79193
79546
79549
80293
80482
80615
80741
80760
80826
80889
81049
81055
81140
81306
81349
81375
81488
81493
81567
81682
81751
81798
81849
81887
81888
82149
82192
82257
82415
82437
82683
82980
83730
83883
83885
83895
83969
84026
84049
84070
84120
84405
84528
84647
84863
84904
85252
85277
85370
85807
85995
86070
86115
86354
86709
86782
87027
87142
87160
87164
87383
87468
87512
87639
87835
87935
87939
88082
88096
88248
88380
88445
88885
88983
89656
90103
90313
90340
90347
90361
90448
90619
90712
90912
91355
91525
91704
91773
92024
92061
93069
93123
93269
93517
93755
94401
94466
94576
94697
94752
94927
95026
95080
95400
95420
95612
95733
95881
96156
96164
96519
96745
96811
96813
96841
97035
97569
97588
97625
97660
97701
98195
98344
98388
98460
98467
98470
98635
98748
99120
99259
99282
99490
99593
99707
99791
100179
100259
100353
100357
100409
100455
100544
100844
101189
101332
101344
101464
101567
101678
101711
101755
102377
102528
102651
102737
102815
102818
102893
103044
103098
103141
103157
103161
103178
103640
103660
103684
104015
104073
104496
104683
104996
105203
105254
105513
105658
105683
105924
105998
106270
106271
106309
106318
106484
106520
106694
106881
107026
107064
107201
107202
107252
107269
107401
107402
107455
107644
107936
107983
108358
108364
108407
108544
108641
108794
108887
109413
109545
109718
110291
111288
111381
111462
111662
111668
111678
111876
111999
112012
112032
112063
112092
112255
112497
112664
112700
112711
112884
112979
113107
113153
113227
113275
113539
113750
114119
114278
114438
114461
114803
114866
114898
114915
114996
115148
115378
115431
116203
116243
116522
116594
116668
116676
116691
116722
116738
116975
117059
117091
117125
117214
117274
117561
118000
118003
118329
118361
118827
119031
119137
119142
119244
119249
119337
119344
119391
119403
119512
119760
119911
120116
120119
120329
120454
120458
120553
120673
120813
120822
120832
120883
120914
121052
121209
121269
121425
121506
121786
121868
122066
122370
122471
122472
122498
122550
122610
122760
123078
123354
123355
123391
123917
123950
124028
124068
124095
124105
124156
124180
124293
124346
124530
124876
124978
125024
125072
125256
125296
125326
125442
125607
125893
126070
126089
126475
126641
126822
127000
127655
127748
128011
128012
128360
128595
128635
128654
129029
129056
129157
129231
129413
129547
130242
130515
130525
130703
130862
130924
131016
131241
131255
131491
131535
131734
131764
132028
132115
132192
132435
132563
132597
132850
133379
133386
133431
133454
133720
133903
134064
134209
134419
134461
134543
134698
134731
134743
134875
135284
135550
135832
135968
136079
136106
136150
136189
136195
136250
136715
136738
137050
137118
137531
137590
138232
138360
138377
138416
138451
138824
138866
139075
139076
139158
139186
139348
139378
139556
139632
139745
140622
140623
140706
140874
140921
140953
141045
141079
141113
141167
141418
141512
141764
141959
142221
142276
142277
142578
142857
143045
143084
143091
143149
143157
143203
143235
143293
143433
143836
144094
144100
144175
144193
144249
144288
144433
144491
144516
144648
144769
144846
144875
144920
145181
145253
145263
145416
145471
145569
145736
146047
146076
146141
146225
146383
146407
146698
146721
147213
147262
147289
147876
148124
148529
148750
148832
148843
149067
149129
149392
149610
149933
150026
150099
150101
150129
150672
150814
150977
151171
151923
152001
152061
152309
152400
152473
153118
153255
153319
153321
153470
153487
153488
153490
153507
153560
153618
153701
153813
154098
154342
154455
154477
155056
155077
155136
155184
155339
155386
155444
155447
155534
155628
156310
156835
157021
157430
157515
157917
157921
157948
157963
157995
158031
158405
158580
158582
158604
158666
158834
158880
159011
159102
159427
159605
159737
159795
159819
159821
159895
159906
159969
160093
160133
160185
160235
160878
161378
161395
161581
161587
161613
161731
162063
162103
162105
162527
162531
162672
162718
162755
163220
163343
163432
163482
163501
163569
163698
163966
164026
164068
164270
164315
164412
164440
164442
164490
164641
164738
164805
164944
164955
164959
165044
165217
165391
165770
166096
166123
166181
166222
166433
166608
166672
166972
167198
167201
167411
167914
168197
168223
168443
168525
169025
169204
169656
169686
169746
169970
170127
170277
170323
170355
170455
170571
170580
170697
170750
170776
170789
170851
170891
170902
170961
171108
171293
171328
171666
171748
171823
172062
172876
173002
173254
173473
173508
174028
174043
174442
174467
174478
174637
174653
174672
174776
174780
174849
174910
175011
175797
175827
175840
176025
176159
176515
176667
176992
177231
177645
177867
177906
177954
178062
178065
178299
178319
178344
178444
178468
178560
178657
178821
179021
179029
179150
179185
179192
179369
179663
179670
179794
179936
180015
180660
180884
181518
181583
181605
181836
181878
182131
182314
182432
182483
182532
182668
182682
182713
182893
182930
183111
183143
183195
183508
183514
183599
183893
184158
184435
184567
184698
184970
185049
185351
185568
185714
185715
185838
185859
185935
186219
186345
186500
186506
187313
187350
187512
187710
187745
187953
188229
188311
188496
188577
188739
188898
189181
189208
189231
189300
189489
189636
189808
189826
189927
190561
190571
190592
190834
190931
191116
191136
191326
191377
192441
192542
192547
192574
192923
192981
193089
193339
193478
193519
193652
193654
193806
193952
194239
194264
194487
194519
194797
194807
195037
195225
195244
195323
195450
195470
195610
195692
195777
195851
195975
196559
196629
196830
196902
197292
197422
197487
198031
198058
198158
198258
198412
198572
198594
198776
198882
198899
199016
199113
199156
199331
199947
200171
200459
201129
201285
201402
202078
202099
202158
202244
202342
202593
202976
203433
203434
203468
203715
203851
204197
204688
204773
205162
205392
205462
205478
205597
205675
205751
206020
206203
206298
206341
206477
206754
206825
206869
206942
207183
207489
207667
207687
207847
207870
207902
207925
207973
208025
208173
208208
208268
208325
208360
208878
208930
209284
209434
209578
209714
210110
210153
210245
210247
210325
210349
210461
210478
210678
210695
210926
210995
211147
211177
211403
211518
211573
211640
211839
212033
212112
212132
212179
212293
212468
212847
212867
213030
213560
213661
213665
213847
214054
214331
214963
215233
215331
215394
215630
215668
215749
215851
215922
215984
216106
216591
216834
216925
217009
218177
218307
218379
218407
218527
218583
218827
219192
219333
219455
219460
219512
219556
219570
219649
219761
219797
219841
220102
220305
220332
220347
220807
220839
221032
221225
221310
221394
221449
221757
221769
222169
222194
222428
222442
222663
222882
222913
223048
223083
223462
223498
223607
223772
223855
223874
223909
224115
224262
224272
224326
224394
224442
224483
224714
224877
225173
225237
225240
225329
225405
225451
225690
225781
225919
226084
226625
226630
226715
226843
226948
226964
227112
227278
227397
227460
227470
227478
227521
227642
227676
227709
228035
228413
228422
228553
228569
228594
228681
229175
229461
229647
229657
230040
230220
230362
230478
230560
230878
230983
231007
231838
231918
232376
232725
233025
233063
233105
233324
233352
233542
233907
233939
234540
234544
234582
234801
234867
235075
235102
235250
235326
235478
235546
235734
236084
236974
237034
237062
237135
237572
237663
237677
237758
237767
237823
237884
237962
238031
238402
238759
238848
238930
239230
239554
239617
240093
240213
240221
240492
240766
240881
240966
241278
241457
241594
241617
241627
241634
241681
241965
242055
242181
242296
242529
242850
243084
243133
243274
243357
243405
243497
243597
243745
243889
244254
244335
244346
244399
244607
245171
245376
245564
245629
245682
245685
245795
246007
246061
246084
246305
246470
246677
246730
247927
247960
247961
247991
248397
248547
249072
249099
249276
249307
249687
249844
250065
250159
250197
250246
250271
250329
250674
250708
250932
250937
251455
251813
252030
252078
252325
252745
252785
252953
253027
253661
253710
254054
254187
254295
254330
254369
254383
254448
254478
255144
255671
255948
255963
256433
256568
256613
257058
257060
257132
257187
257241
257247
257408
257443
257450
257490
257672
257716
257745
257988
258168
258284
258373
258513
258643
258804
258867
258898
259093
259147
259264
259304
259429
259649
259678
260031
260186
260199
260429
260504
260567
260594
260825
260969
261010
261115
261208
261212
261423
261573
261633
261723
261904
262149
262253
262276
262311
262418
262503
262505
262510
262520
262890
263059
263223
263379
263580
263622
263640
263748
263979
264276
264292
264911
264935
265056
265179
265290
265468
265498
265514
265525
265569
265608
265718
265819
265988
266004
266042
266364
266669
266687
266738
266782
266817
267176
267368
267605
267619
267910
267921
268368
268484
268607
268914
268924
269121
269240
269314
269422
269436
269498
269649
269696
270037
270133
270198
270554
270629
270942
271034
271083
271373
271581
271611
271679
271682
271864
271972
272006
272212
272248
272354
272380
272614
272647
272835
272992
273260
273349
273478
273545
273703
273757
273989
274043
274147
274286
274358
274445
274519
274552
274628
274899
275010
275031
275052
275230
275292
275359
275643
275683
275686
275796
275829
275927
275993
276124
276127
276200
276415
276430
276472
276511
276719
276923
276943
277026
277029
277122
277277
277312
277657
277790
277843
277906
278048
278165
278418
278660
278970
279003
279312
279347
279358
279384
279441
279812
279881
280307
280444
280624
280803
280999
281034
281374
281443
281616
281672
281987
282226
282317
282479
282663
282742
282808
282878
282900
283055
283305
283734
283816
283863
283918
283966
283986
284057
284089
284182
284313
284581
284664
284688
284808
284954
285092
285219
285297
285401
285810
285827
285952
286150
286341
286424
286459
286972
287053
287217
287282
287339
287410
287560
287594
288113
288212
288331
288414
288845
288944
289413
289747
289802
289822
289891
289913
290069
290741
290973
291082
291119
291257
291280
291573
291821
291854
292011
292157
293249
293389
293407
293975
294506
294555
294693
294765
295139
295206
295763
295954
295975
296239
296439
296486
296798
296931
297067
297179
297218
297220
297271
297370
297401
297446
297476
297627
297949
297977
298003
298155
298167
298506
298548
298771
298848
298946
299028
299092
299261
299288
299393
299624
299766
300001
300165
300200
300362
300466
300670
301173
301536
301577
301603
301610
301629
301824
301843
302152
302184
302331
302634
303184
303485
303714
303724
303798
303957
304236
304337
304405
304447
304484
304586
304604
304624
304631
304778
305018
305105
305108
305370
305486
305492
305568
305821
305823
306140
306172
306422
306627
306864
306910
306914
307139
307239
307419
307435
307781
307860
308067
308079
308461
308483
308550
308662
308882
308885
308936
309040
309352
309445
309523
310045
310082
310536
310951
311023
311149
311219
311274
311430
311566
311573
311579
311675
311765
312037
312245
312301
312310
312617
312798
313143
313290
313512
313536
313569
313632
313656
313786
314062
314172
314237
315358
315627
315695
315792
315912
315919
316329
316402
316415
316676
316845
316988
317175
317292
317313
317535
317554
317640
317733
317772
317960
318122
318282
318409
318428
318448
318498
318560
318588
318849
318956
318968
319296
319424
319725
319733
319762
319784
319838
319920
319924
320141
320353
320516
320634
320742
320772
320837
321059
321073
321233
321375
321607
321610
321615
321842
321882
322038
322126
322141
322434
322494
322793
322886
322942
323043
323121
323170
323293
323313
323489
323510
323829
323935
323947
324004
324016
324084
324253
324428
324614
324638
324718
324834
324838
325083
325158
325397
325427
325639
325686
325711
325797
326290
326414
326586
326678
326685
326753
326855
326938
326941
326998
327029
327084
327087
327125
327351
327531
327562
327610
327929
327969
328102
328204
328493
328852
329001
329130
329909
330124
330465
331073
331098
331102
331116
331209
331275
331458
331580
331687
331813
332085
332159
332160
332306
332443
332599
332740
332883
333240
333417
333670
333775
333878
333930
333991
334025
334071
334490
334664
334939
334976
334980
335148
335242
335629
335867
335912
335978
336127
336158
336186
336337
336396
336451
336500
336629
336690
336978
336993
337044
337402
337717
337785
337958
338026
338107
338215
338241
338361
338471
338542
338735
338867
338996
339124
339154
339547
339688
339691
339730
339812
340036
340049
340291
340624
340784
340971
341083
341141
341175
341240
341500
341579
341634
341639
341641
341683
341703
341776
342173
342290
342327
342439
342578
342609
342655
342838
343183
343244
343245
343267
343547
343935
344201
344575
344762
344944
345122
345233
345711
345890
345930
345938
345975
346176
346407
346452
346512
346688
346691
346785
346805
346811
346860
346941
346954
347096
347265
347349
347413
347426
347653
347900
347913
347983
348178
348179
348966
349103
349265
349266
349327
349432
349479
349493
349733
349756
349960
350001
350155
350371
350414
350456
350862
350910
351006
351281
351602
351644
351646
351814
351863
351924
352370
352427
352519
352579
352596
353235
353385
353560
353565
353612
353628
353848
353858
354398
354582
354584
354688
355026
355069
355158
355330
355368
355407
355477
355605
355631
355762
355815
355830
356033
356208
356295
356969
357023
357167
357370
357496
357574
357805
357849
357876
357886
358169
358417
358470
358507
358547
358651
358866
358898
358940
359006
359102
359586
359781
360214
360250
360345
360434
360440
360453
360455
360493
360729
361072
361201
361256
361344
361909
362307
362700
362897
362898
362911
363002
363023
363444
363619
363782
363980
364044
364062
364188
364196
364295
364582
364674
364767
364981
365019
365022
365057
365109
365147
365156
365237
365251
365305
365478
365621
365940
366221
366228
366346
366593
366607
366722
366818
366885
366954
366994
367081
367187
367233
367322
367576
367681
367787
368352
368415
368451
368620
368645
368688
368777
368937
369191
369257
369268
369279
369331
369442
369508
369706
369742
369761
369789
369810
370021
370492
370557
370696
370917
371055
371502
371592
371597
371606
371639
371940
372042
372096
372110
372205
372284
372293
372882
373075
373169
373264
373519
373572
373776
373798
374174
374207
374225
374236
374532
374840
374950
374999
375077
375409
375513
375534
375693
376283
376285
376773
376790
376887
376948
377040
377144
377174
377282
377327
377761
378059
378123
378166
378281
378290
378534
378548
378742
378851
378895
378935
379121
379278
379322
379412
379511
379541
379798
379974
379987
380274
380298
380471
380547
380558
380938
380943
381106
381199
381300
381339
381602
381646
381651
381656
381797
381948
382226
382458
382524
382608
382767
382958
383007
383016
383124
383163
383211
383368
383534
383572
384018
384226
384468
384737
384887
384957
385176
385178
385180
385304
385368
385463
385605
385660
385675
385897
385903
385911
386193
386346
386792
387016
387058
387115
387128
387233
387280
387319
387513
387959
388019
388091
388321
388358
388465
388526
388773
388780
388829
388886
388966
388989
389059
389065
389295
389628
389703
389913
390241
390641
390803
390885
390966
390987
391064
391193
391206
391221
391232
391538
391610
391822
391866
392287
392307
392309
392352
392354
392416
392463
392479
392798
392855
393032
393600
393609
393622
393994
394042
394250
394628
394764
394935
395003
395046
395062
395143
395389
395544
396068
396075
396325
396472
396483
396531
396565
396721
396741
396823
396956
396963
397049
397073
397117
397245
397405
397563
397670
397792
397921
398025
398180
398289
398314
398354
398803
398846
398956
399040
399043
399505
399715
399763
399777
399801
400665
400846
400928
401059
401062
401111
401146
401227
401542
401688
401997
402130
402420
402539
402608
403117
403126
403422
403616
403752
403797
403810
404128
404365
404482
404623
404727
404842
404902
404966
405034
405102
405171
405317
405748
405855
406022
406092
406162
406242
406411
407015
407066
407147
407207
407222
407315
407479
407676
407743
407988
408669
408721
408758
408773
408895
409100
409425
409525
409581
409604
409640
409661
409771
409914
410130
410157
410218
410243
410258
410298
410366
410389
410618
410692
410782
410837
410964
411032
411509
411521
411663
411853
412038
412094
412117
412203
412208
412253
412489
412576
412619
412822
413152
413246
413540
413998
414081
414191
414274
414289
414570
414677
414893
415047
415252
415358
416172
416326
416392
416465
416525
416579
416583
416699
416715
416778
416784
416995
417236
417341
417345
417379
417495
417663
417948
417996
418048
418056
418326
418440
418444
418478
418974
418975
419298
419613
420158
420318
420409
420495
420617
420896
421091
421314
421671
421922
421934
421953
422012
422481
422600
422697
422821
423116
423231
423255
423389
423496
423521
423551
423583
423657
423725
423748
423873
424500
424627
424637
424738
424927
425078
425079
425235
425399
425683
426085
426217
426284
426474
426627
426775
426822
426918
427016
427051
427177
427244
427497
427732
427752
427854
427859
428093
428236
428346
428350
428392
428418
428589
428659
428770
428798
428959
428980
429208
429402
429432
429453
429546
429606
429699
429776
429932
430569
430593
430714
430832
431412
431493
431789
432246
432251
432397
432591
432601
432732
432821
432912
432957
433319
433410
433798
433914
434103
434129
434150
434176
434177
434237
434250
434475
434488
434502
434521
434797
435142
435260
435340
435390
435523
435549
435576
436016
436018
436216
436236
436300
436408
436452
436999
437352
437430
437524
437873
437988
438116
438132
438165
438262
438273
438446
438487
438574
438764
439148
439259
439344
439355
439483
439739
439745
439759
440005
440047
440244
440348
440417
440427
440580
440584
440599
440689
441073
441514
441577
441605
441618
441883
442028
442476
442651
442878
442975
442980
443005
443025
443145
443558
443893
443909
443914
443995
444189
444243
444320
444338
444529
444607
444630
444818
445101
445301
445394
445843
445932
446038
446080
446154
446160
446299
446467
446480
446804
446852
446999
447009
447287
447504
447589
447597
447603
447723
447771
447841
447995
448003
448065
448193
448615
448779
448865
448912
449244
449311
449518
449797
449841
449999
450167
450220
450470
450512
450641
451218
451473
451831
451840
451924
452278
452857
453034
453051
453079
453948
454193
454292
454294
454300
454365
454495
454918
455038
455153
455389
455481
455517
455522
455568
455747
455847
455881
455959
455984
455987
456261
456281
456388
456456
456704
456861
456943
456979
457027
457135
457150
457440
457566
457575
458038
458165
458387
458401
458534
458577
459003
460005
460079
460141
460355
460746
460875
461094
461220
461268
461302
461402
461463
461765
462051
462125
462435
462779
462966
463437
463952
464025
464145
464302
464365
464457
464469
464632
464648
464957
465016
465063
465386
465430
465456
465499
465990
466011
466039
466045
466230
466279
466291
466309
466377
466466
466519
466651
466830
466912
466954
467090
467461
467590
467733
467757
467865
467883
468155
468825
468851
468860
469050
469285
469514
469779
470049
470350
470400
470426
470512
470776
471098
471501
471587
471642
471863
472546
472601
473088
473113
473410
473436
473808
473863
473912
474005
474016
474409
474478
474479
474480
474645
474757
474842
475027
475057
475125
475304
475322
475605
475752
475771
475781
475785
475815
476667
476728
476875
477081
477235
477324
477352
477700
477825
478106
478195
478260
478385
478510
478568
478655
478715
478781
478816
479247
479264
479306
479403
479452
479998
480049
480153
480239
480319
480443
480606
480726
481342
481527
481651
481656
481708
481816
481950
481972
482578
482613
482667
483384
484028
484176
484186
484357
484431
484467
484978
485064
485223
485386
485567
485761
485907
486288
486662
486729
486743
487003
487062
487115
487223
487253
487456
487987
487988
488629
489090
489932
489984
490083
490141
490230
490276
490291
490890
490913
490985
491159
491164
491466
491477
491578
491587
491919
492046
492763
492893
493040
493043
493075
493137
493152
493187
493236
493435
493453
493703
493866
493871
493916
494413
494773
494781
494951
495090
495319
495405
495616
495642
495730
495773
495808
496750
496812
497285
497294
497296
497370
497387
497475
497504
497721
498006
498224
498287
498327
498589
498603
498616
498716
498727
498991
499124
499941
500257
500419
500716
500721
500840
500895
501038
501176
501543
501690
502033
502208
502245
502300
502471
502671
502693
502784
503254
503411
503696
503831
504040
504291
504400
504508
504753
504800
504828
505029
505047
505368
505679
505948
506078
506132
506909
506984
507306
507377
507412
507414
507548
507616
507771
508002
508318
508528
508542
508695
508896
509036
509051
509509
509687
509838
509936
509978
510035
510067
510095
510109
510122
510187
510232
510438
510461
510543
510800
511123
511558
512480
512561
512577
512811
513267
513320
513372
513570
513605
513616
513824
514120
514223
514618
514793
514801
514859
514879
514927
515348
515633
516026
516073
516077
516082
516143
516506
516611
517201
517361
517364
517808
518003
518183
518288
518323
518387
518398
518521
518965
519057
519081
519201
519267
519315
519327
519500
519524
519787
519863
520191
520461
520484
520528
520557
520588
520722
520742
521008
521019
521164
521197
521339
521543
522118
522171
522316
522575
522684
522818
523106
523582
523728
523828
524114
524172
524293
524353
524490
524708
524844
524995
525263
525267
525711
525740
525757
525781
525829
525895
525938
526002
526070
526272
526529
526753
526795
526810
526904
527016
527135
527452
527480
527739
527831
528174
528387
528605
528776
528817
529154
529315
529327
529571
529722
530008
530100
530245
530247
530269
530312
530444
530485
530505
530624
530634
530768
530997
531022
531091
531351
531497
532042
532361
532676
532824
532982
533096
533118
533137
533258
533306
533379
533556
533632
533790
534008
534426
534739
535043
535107
535262
535305
535385
535531
535669
535859
535869
536505
536547
536744
536861
537078
537160
537278
537401
537596
537624
537654
537846
538023
538060
538163
538214
538610
538869
538971
539004
539307
539727
539752
539770
539778
539849
539878
540294
540388
540445
540452
540709
540989
541215
541740
541789
541848
542245
542373
542547
542717
542882
542900
542946
542976
543070
543289
543501
543536
543664
543762
543852
544007
544502
544727
544908
544975
545115
545118
545136
545149
545445
545550
545601
545824
546168
546204
546342
546401
546620
546627
546822
546913
547160
547166
547189
547227
547550
547889
548253
548256
548519
548727
548779
548977
549001
549028
549129
549173
549336
549675
550022
550096
550109
550243
550275
550574
550616
550655
550689
550752
550853
550864
551022
551103
551164
551369
551507
551669
551977
552001
552057
552129
552190
552331
552395
552710
552786
553112
553195
553475
553776
553867
553881
553947
554321
554585
554687
554803
554974
555110
555193
555514
555572
555591
555621
555676
555792
555850
555946
556285
556330
556635
556683
557066
557156
557577
557638
557765
557848
557900
557987
558012
558024
558051
558138
558464
558725
558806
559006
559097
559109
559116
559155
559468
559542
559799
559847
560022
560157
560248
560616
560801
561242
561257
561592
561644
561652
561716
562453
562753
562782
563036
563093
563139
563162
563231
563347
563523
564154
564228
564683
564739
564994
565105
565493
565712
565923
565929
565945
566205
566595
566765
566770
566802
566974
567047
567082
567123
567296
567391
567815
568158
568195
568410
568646
568690
568757
568914
568971
569618
569661
569814
569827
569844
570027
570111
570171
570287
570375
570884
571015
571059
571064
571089
571298
571611
571790
571798
571878
572141
572384
572453
572461
572707
572921
573012
573056
573579
573618
573711
573749
574059
574120
574169
574216
574244
574709
574899
575244
575432
575626
576134
576148
576187
576232
576333
576334
576480
576511
576530
577126
577144
577151
577257
577461
577733
577771
578169
578344
578375
578470
578842
579110
579170
579255
579370
579392
579600
579677
580057
580238
580317
580481
580826
581011
581198
581205
581721
581821
581990
582084
582249
582250
582283
582650
582713
583060
583264
583436
583542
583569
583922
584234
584490
584493
584594
584683
584798
584831
584855
585167
585176
585364
585471
585551
585719
585722
585880
585913
586005
586086
586091
586261
586519
586730
587066
587090
587262
587417
587489
588016
588262
588576
588745
588858
589456
589480
589773
589865
589958
590026
590040
590233
590236
590325
590549
590571
590708
590890
590909
590967
591038
591044
591189
591359
591799
591803
592167
592540
592670
592811
593311
593492
593547
593815
593860
593869
593906
593924
594086
594186
594286
594624
594725
595036
595339
595475
595523
595721
595809
595864
596201
596379
596415
596532
596604
596610
596633
596798
596810
596885
597690
597836
598091
598419
598439
598555
598667
599086
599204
599232
599336
599364
599422
599434
599626
599744
599817
599915
599988
599991
