725
3135
3491
4437
4933
7085
7787
11406
11740
15743
16722
20755
23760
24907
28553
34245
35780
37007
38788
42011
43598
50022
51533
51701
52333
55107
55266
56785
57109
57171
57233
58420
59507
60123
61433
61730
62496
67132
67774
70116
71045
72533
76022
78661
80615
81945
83162
84292
85787
89367
92250
94950
96172
96187
96854
97590
98966
105356
105802
108407
108704
109422
109828
111205
112264
113079
114705
116805
122445
135530
137623
137755
138460
144704
147220
149293
152835
155194
157947
168322
171114
173069
173485
173505
173581
174799
175778
177782
182747
185754
186550
191796
195608
201730
203561
203720
204247
206424
208020
213614
213626
221702
224741
231249
232776
235418
237448
237449
238490
238646
238830
240721
242001
242356
244446
245959
246019
248130
251883
252212
253232
255000
256929
259144
262644
264473
265607
268830
273618
273824
274497
274580
275173
278769
280496
282861
283018
283233
283400
292188
292205
295800
298306
298411
299911
300390
306306
306690
311902
312404
315319
319138
319545
321193
325434
330508
330613
333555
333648
333788
335983
341511
343515
345644
345865
346851
354115
356690
359461
362078
362933
363352
368507
372292
