1243
3666
5717
7255
7793
8890
9377
9682
9931
12026
13485
13570
15930
16056
16692
17166
19198
19978
24315
25722
27670
28083
28123
33629
36162
36689
37113
37535
37812
43068
44518
50641
51708
52128
52130
52826
53288
53699
55281
58669
59586
61176
61773
69285
69706
70745
71907
73130
76153
81426
81556
86353
86529
89382
90458
91576
92196
96799
96993
97073
102691
103229
108041
108090
110122
111217
112366
113883
114200
116850
117151
117607
120088
122529
124270
126705
136113
137957
138595
139745
140973
145151
145804
151455
155445
155882
157278
157374
159437
160180
162196
165461
165997
170369
173795
174100
180060
181485
182698
183131
184356
184543
190370
190640
194263
194945
195932
196131
196609
198607
204592
206061
206929
212984
215837
218318
221723
224628
232925
233241
238372
242991
244826
245328
248085
250365
252507
252697
254312
257950
260011
260407
262080
262462
263695
263859
265502
266472
266700
267145
268558
273400
277260
278114
281094
285596
293815
294934
295109
304614
305703
306469
309692
311076
312072
312246
314483
315303
315847
316015
316682
318215
321479
323743
325904
326464
328205
331212
331239
340400
343481
344212
345660
348368
348564
349220
350158
351856
354624
355701
357669
360443
360464
361873
364667
372351
373168
