725
1888
2330
2726
3135
3586
3703
4933
5597
7075
7085
7787
8403
9590
10411
11406
11740
11762
11846
14715
14829
15454
15743
15758
16447
16722
16794
17721
18319
18436
19223
19713
19720
19752
21872
21942
23108
23760
25023
25401
28075
28553
29130
29449
29607
29649
30393
31194
31235
31873
32011
32430
34009
34245
34691
35780
37007
37291
38132
40758
40912
41166
41288
43079
43568
43598
45539
46372
47635
47796
47852
49259
50476
50762
51533
51701
52222
52333
52631
53060
54139
54568
54806
54934
55107
55266
55561
56234
56482
56785
59507
60142
60226
61730
62496
64303
64662
64683
65002
66029
66779
67132
67150
67774
68737
68795
69096
69133
69559
69757
70116
70359
72533
73779
75987
76022
76762
77182
77407
78478
80615
80627
80730
81569
81707
81859
81945
82976
83162
84292
84587
85065
85781
85787
86771
87780
87787
89367
89671
92250
92580
92673
92895
93300
95544
96172
96187
96854
97085
97542
97590
98754
98966
99098
99154
99856
99980
100511
101775
102532
102965
103774
105339
105356
105593
105802
106504
106885
106977
107568
107985
108407
109044
111043
111154
111205
111558
112264
112933
114463
114705
115698
116234
119008
119831
119945
120622
121436
122234
122445
122758
123050
124118
125096
125152
125167
126000
127358
127808
132184
133832
133975
135530
137302
137388
137623
137755
138460
138802
139246
141905
141997
142996
143565
144496
144578
144704
145446
147220
148313
149293
149939
150494
151042
151792
152003
152759
152835
153755
153962
154021
158157
158653
159861
160038
160422
160594
161085
161224
163836
164226
164374
164803
165517
168322
171025
171089
171114
171672
172292
172526
173069
173354
173485
173505
173581
173629
173678
174689
174799
175540
175778
175798
176734
177349
177647
177752
178700
179587
181571
182438
182450
182747
183177
183180
183805
184148
184152
185219
185600
185694
185754
185974
186024
186376
186550
188299
188832
188985
191257
191263
191522
191796
193312
193889
195316
195444
195608
196637
197305
197389
198164
198496
199421
199742
201730
201906
202697
203561
203720
205263
205515
205721
206424
206533
206571
208654
209361
209561
209711
211219
212327
213156
213614
213626
214132
214666
215386
215403
215505
215842
216947
217899
220737
221702
221940
221942
222093
222550
223343
225164
226814
226853
226965
229648
230536
230831
232196
232403
232776
232916
233005
234439
235318
236380
236996
238261
238490
238646
238830
239639
240121
242001
242153
242356
242605
243559
244446
244971
245429
245906
245959
246019
246776
248903
249230
249416
250665
250755
251300
251883
251928
252212
253293
253574
254455
255077
256164
256212
256537
256929
258757
259144
261230
262644
264011
264848
265607
267490
268830
270281
272100
273323
273618
273695
273824
274497
274580
274868
275173
275497
275626
275733
277846
278769
278829
279459
280496
280928
282403
282636
283233
284582
285294
285640
285791
286490
288170
288190
289692
289791
290205
290402
290725
290836
293316
293788
295544
295800
296341
296527
297485
298291
298306
298411
298413
298580
299911
300816
301986
302705
303070
303189
303303
303311
303652
304839
305305
305677
305861
306063
306306
306597
306690
306869
307255
308038
308105
310576
311477
311911
312404
313286
314384
314722
315319
316864
317265
317631
318366
318557
319138
319545
320352
320521
321193
322138
324059
324415
325031
325434
325789
326593
326790
327810
330384
330386
330508
330613
331820
333487
333555
333648
333676
333788
334953
336806
339902
340817
340941
341140
341211
342477
343515
345644
345811
345865
346851
347854
349097
350201
350364
350811
351497
351621
352869
354115
355767
357431
357841
358661
359296
360136
361687
362413
362933
363352
363653
364370
364865
365182
365866
365977
366657
367624
368507
368723
370398
371434
372207
372292
372313
372440
372481
373927
373969
374071
374337
374388
374756
