1531
1535
1808
2976
2990
4213
4477
5226
5802
6180
6627
7255
7662
8435
8936
9377
9682
9931
10386
12026
12132
12335
13276
13485
13570
14759
15041
15489
15560
16056
16509
16514
16692
17166
17218
17311
17402
17499
19198
19565
20431
20737
20974
24123
24315
24678
25534
25613
25758
26975
27670
28123
28266
28695
28781
29258
29442
30147
30525
30966
31425
31443
32543
33629
33688
34846
35737
36100
36162
36164
36458
36461
36689
37113
37535
37617
37842
39600
39935
41261
42528
42541
42617
43068
43256
43324
43588
44249
44285
44732
45068
45354
45449
46206
46428
46977
47158
47159
48664
50162
51286
51515
51676
52130
52558
53172
53249
53288
53294
54135
54798
55369
56645
56683
57650
58312
60285
60309
60558
60829
61912
62353
62386
62973
63317
66745
68642
69372
72217
72881
73130
75885
76153
80651
81426
81556
81631
83063
84060
84741
89382
89408
89473
89952
91576
91803
92196
94196
94213
94278
95420
95653
96414
96888
97073
98139
98508
98703
99279
102691
103229
105204
106342
106943
107090
107230
107841
108030
108041
109285
109727
109945
110034
110122
111151
111217
112098
112171
112708
113325
113679
113883
114200
114251
114330
114992
116007
117151
117811
117938
118270
118375
120088
120352
121305
121978
122529
122693
123417
123682
124034
124270
124761
128481
129279
130558
130615
131092
131101
131356
134253
134369
136113
136202
136226
137735
137887
137957
138098
138150
138534
138595
139335
139859
140076
140341
140483
141260
141357
141993
142485
142490
143111
144941
144980
145151
145286
145388
145804
146658
148547
148985
151296
151954
152040
152128
152137
152284
152392
152997
153259
153300
153615
154256
154621
155803
155882
157342
157374
158185
158512
158558
158906
159896
160180
160711
160948
161481
162196
163145
163377
163507
163596
164093
165761
165869
166713
168375
169216
169762
170104
171579
172256
172324
173795
175089
176262
177871
179252
179687
179725
180312
180442
181119
181181
181234
181485
182335
183982
184070
184356
185394
186882
187008
187619
188034
188180
188201
188372
189278
189599
190640
191652
193442
193859
193995
194478
194655
194945
195932
196801
196851
198114
199376
199608
204592
204699
205450
206061
206929
208039
208102
208990
209799
210536
213074
213159
213269
213294
215008
215600
215837
216156
216626
217050
217395
217874
217917
218226
219090
219209
219945
221723
222721
222907
223222
225666
226747
226753
227486
227746
228078
228933
230474
232433
232823
232925
233000
233939
234409
236628
237004
237401
238379
239087
240226
241122
242034
242328
242339
242762
242916
244730
244783
245218
245328
245354
245856
247866
248085
248949
249298
249523
250315
250365
251430
252150
252697
253241
254687
255629
257950
258102
260011
260520
260699
261180
261524
262080
262462
263657
263859
264168
264395
265367
265854
266472
266584
266700
267129
268104
268558
268690
270216
272740
274882
277260
278114
279073
279551
279595
280594
281499
282010
282713
285190
285256
285493
285596
286002
286127
286284
286534
287595
289656
289672
289848
290314
293716
293815
295109
298507
298568
299471
300375
300620
301399
302772
302860
304053
304077
304449
305143
307140
309086
311076
311394
311979
312072
313916
314483
315225
315254
315303
316015
316601
316682
317277
318215
318448
319824
320121
320670
321216
321479
322984
323234
323358
323703
323743
325816
326005
328736
329062
329323
330980
331212
332392
333259
334494
335877
338192
339900
340400
342401
344212
344783
344854
344885
345660
345934
346121
346756
347049
347940
348368
348539
348564
349039
349465
349878
350385
350686
351039
351879
352161
353619
353642
354337
354439
354542
354624
355042
355113
355596
355701
359409
359947
360443
360446
360464
360585
361137
361145
361234
361615
361873
361914
362549
363501
363639
364667
365148
365263
366803
367308
367716
368022
369008
369294
369348
369463
370598
370823
371022
371516
373168
374774
