210
519
725
1003
1433
1531
2284
2436
2511
2706
3446
3826
6200
6627
7085
7351
8034
8688
8921
10124
11045
11261
11469
11991
12137
13933
14759
14924
15041
15528
16857
17218
17279
17461
18533
18561
18794
18927
19026
19727
19761
20406
20755
21416
21426
22292
22425
22513
23034
23301
23388
23545
23877
24556
25414
27114
28443
29899
30525
30803
31059
31316
31467
33266
33562
33618
33787
35670
35688
37129
37703
37842
38257
38769
38788
39481
39600
40166
42011
42305
42492
43256
43946
44249
44256
44259
44427
44570
44666
45137
45169
45647
45791
46889
47158
47797
48107
50585
51286
51304
51678
51932
52139
52333
54135
54411
54492
55266
55629
55993
56645
56683
57613
57661
58872
59442
60161
60309
61433
61986
62349
62555
62821
64108
65196
65396
65424
65886
66130
67583
70124
72286
72558
74509
74902
75626
75696
75921
76047
77338
77396
78464
78737
79149
79960
80173
80186
80651
80935
81481
81489
81531
81687
81945
82493
85020
87513
87522
87859
88608
88946
89162
89952
90466
90896
93307
94667
95043
95508
95653
95995
96014
96015
98055
98502
99266
99591
101544
101738
102178
103572
103610
103790
104256
104438
104569
105857
105975
108030
108704
108798
109190
109285
109794
109828
111333
111524
112141
112162
112171
113161
113325
114251
114448
114823
114992
115305
115470
115540
115701
116271
116334
116429
116705
118592
118854
118903
119170
121580
122087
122445
123117
123682
123727
124034
124856
125411
125862
126326
126419
126514
127518
127643
127997
128691
128911
129258
129565
130558
131733
132796
133261
133647
134199
134369
134867
135095
136203
136404
137358
137367
137602
137887
137982
138534
139493
139908
140939
141015
142703
143111
143500
143524
144177
144248
145106
145388
146147
146332
147276
148156
148648
148985
149872
150586
150610
150700
151820
151846
152284
152392
152525
152590
153195
153327
153726
154790
155535
157117
157478
158134
158185
158600
159792
159804
159823
159896
160120
160711
163145
164062
164152
164894
165979
166905
167270
167362
167509
167608
168302
168410
168417
169134
169725
171313
171579
171615
172406
173485
173615
173722
173870
174144
174444
174847
175475
175660
175778
176338
176406
176736
178101
179366
179879
180754
180806
181119
181253
182167
183502
184087
184781
185236
185540
185579
185868
185927
186761
186974
188232
189541
189604
190497
191082
191180
191250
191401
191652
192483
193815
194988
196976
198114
198449
199409
199457
199845
200319
201180
202387
202403
202744
204113
204247
205093
205148
205450
205941
206235
206951
208212
209313
209838
210553
210800
210828
212890
213626
213845
215119
216054
217449
217939
218226
219585
219897
220546
221471
222486
222959
223145
223803
225530
226715
227042
227349
227469
228216
229313
229882
229961
229984
230059
230492
231307
232416
233106
233150
233183
233499
233988
235375
237244
237333
237448
238136
238145
238490
238615
239087
239359
240050
240406
240631
240721
240779
241122
241662
242356
243128
244732
244783
245218
245354
245902
246275
247331
247700
247972
248073
248188
249077
249204
249207
249593
249902
251883
253494
254149
254499
255422
255671
257277
258073
258629
258993
260008
260312
260350
261714
262257
262672
263105
263845
263981
264161
264441
264658
264686
267305
267317
267925
268385
270061
271051
271096
271247
271713
272742
273059
273148
273202
273271
273648
274157
274432
274882
275357
275363
275920
276394
276763
276827
277107
277152
277272
277383
277632
279038
279073
279607
279904
280594
281731
281741
282180
282861
283400
283494
283588
284225
284308
284426
285190
286002
286736
287085
288365
288490
291533
291886
291924
293479
295512
296104
296313
296619
296744
298411
301848
302639
303101
303623
303935
304081
304406
304631
304904
305538
305733
306288
306892
306951
307097
307788
308049
308160
308194
309924
310147
310265
310673
310852
310863
311137
311218
311902
312454
312641
312673
312834
314234
314499
314759
315319
315457
316263
316601
317199
317996
319572
319997
320203
320341
320416
320994
321193
321216
321415
321534
321692
321765
322305
322400
323095
323234
323746
323838
324872
325393
325903
326654
327770
327991
328151
328207
328566
329251
329323
329675
329919
330176
330779
332039
332117
333376
333431
333762
334494
335570
335744
335928
335983
337075
338023
338301
339237
339414
341201
341511
342673
343515
344357
345073
345416
346121
346678
346926
348193
348237
348335
349632
349940
351123
351161
351361
351365
351637
351914
351941
352475
352842
353367
353876
354328
354337
354408
355042
355092
356101
356690
356825
357629
359346
360400
360585
360800
361137
361508
362073
362549
362723
363822
364276
364334
365249
365316
366254
367132
368022
368421
368686
369743
370002
370823
371208
373664
373890
374335
374655
374694
