76
89
122
210
213
218
240
248
358
394
434
460
481
496
508
532
584
599
608
625
769
779
809
823
858
902
997
1010
1121
1123
1136
1180
1253
1262
1270
1274
1279
1330
1331
1382
1416
1532
1604
1620
1647
1700
1713
1748
1751
1801
1820
1832
1854
1939
1986
1987
2005
2024
2088
2109
2185
2242
2257
2285
2287
2315
2330
2331
2346
2397
2429
2446
2450
2451
2458
2474
2511
2611
2614
2626
2645
2672
2685
2769
2772
2779
2804
2814
2838
2885
2890
2929
2968
3038
3048
3081
3082
3110
3120
3147
3183
3265
3275
3293
3310
3311
3335
3367
3430
3441
3532
3539
3592
3611
3661
3685
3708
3727
3758
3834
3867
3886
3891
3944
3973
3979
4019
4051
4076
4103
4173
4233
4334
4354
4433
4435
4441
4449
4474
4485
4524
4530
4547
4557
4577
4589
4630
4653
4691
4711
4800
4803
4988
4990
4996
5070
5075
5133
5155
5231
5262
5308
5327
5456
5463
5532
5540
5611
5616
5638
5649
5704
5730
5748
5765
5814
5819
5829
5917
5948
5959
5965
5981
5989
5992
5998
6027
6099
6200
6251
6392
6416
6546
6571
6602
6635
6649
6677
6695
6730
6778
6795
6800
6827
6927
6990
7015
7025
7096
7136
7180
7221
7258
7268
7275
7279
7369
7413
7423
7500
7523
7528
7534
7537
7545
7553
7703
7721
7822
7938
7999
8015
8052
8088
8107
8113
8119
8148
8245
8276
8338
8365
8399
8532
8552
8562
8592
8595
8628
8658
8680
8692
8737
8786
8806
8863
8885
8913
9044
9105
9110
9129
9196
9244
9274
9343
9361
9422
9438
9442
9450
9466
9507
9517
9554
9572
9594
9654
9671
9703
9706
9760
9777
9790
9825
9831
9843
9896
9908
9948
9998
10011
10034
10035
10053
10055
10070
10082
10096
10119
10149
10172
10220
10245
10307
10308
10386
10431
10450
10488
10499
10537
10550
10562
10609
10632
10646
10703
10753
10853
10889
10904
10918
10939
10968
11019
11037
11045
11054
11060
11083
11152
11175
11178
11192
11210
11211
11228
11252
11270
11361
11376
11383
11419
11556
11584
11587
11606
11613
11618
11625
11673
11714
11716
11778
11820
11833
11880
11957
11997
12014
12073
12180
12185
12192
12214
12225
12241
12279
12396
12412
12434
12458
12524
12539
12568
12631
12636
12680
12725
12751
12752
12777
12789
12829
12839
12884
12888
12901
12905
12968
12999
13018
13050
13072
13101
13133
13148
13154
13164
13207
13252
13253
13255
13283
13403
13505
13539
13570
13621
13664
13715
13796
13824
13831
13861
13871
13881
13933
13962
14017
14028
14045
14059
14077
14153
14169
14197
14200
14214
14228
14237
14321
14348
14362
14363
14375
14590
14599
14654
14680
14745
14829
14843
14863
14874
14922
14930
14945
14968
15003
15006
15027
15033
15052
15102
15122
15144
15150
15191
15209
15213
15233
15308
15309
15312
15340
15344
15397
15421
15430
15504
15522
15626
15653
15715
15766
15834
15895
15928
16001
16004
16030
16038
16044
16045
16069
16093
16109
16135
16153
16156
16186
16210
16211
16231
16301
16341
16350
16444
16462
16463
16493
16514
16532
16540
16551
16564
16572
16645
16656
16716
16722
16731
16769
16789
16843
16891
16946
16948
17048
17099
17103
17114
17147
17148
17154
17202
17224
17226
17241
17244
17258
17316
17363
17376
17406
17407
17481
17483
17485
17499
17507
17520
17536
17541
17546
17563
17566
17600
17611
17638
17660
17669
17722
17749
17758
17822
17868
17936
17969
17996
18109
18209
18212
18267
18284
18319
18354
18366
18389
18427
18436
18491
18494
18513
18528
18624
18652
18657
18668
18727
18735
18771
18793
18904
18911
18930
19083
19092
19110
19125
19131
19167
19177
19184
19231
19244
19256
19261
19292
19313
19323
19389
19428
19454
19465
19550
19561
19610
19630
19631
19641
19661
19695
19713
19714
19719
19720
19728
19748
19757
19761
19770
19784
19815
19838
19878
19889
19912
19921
19949
20063
20066
20087
20100
20124
20143
20144
20153
20167
20185
20225
20259
20276
20327
20399
20425
20454
20466
20467
20509
20536
20538
20602
20608
20719
20758
20778
20791
20795
20799
20836
20911
20917
20987
21001
21017
21052
21113
21229
21260
21314
21330
21356
21379
21427
21465
21472
21475
21493
21495
21506
21510
21572
21606
21621
21648
21721
21753
21801
21896
21913
21929
21961
21964
22005
22044
22045
22161
22238
22267
22277
22343
22484
22516
22581
22639
22648
22703
22752
22756
22788
22867
22972
22982
22984
23081
23104
23131
23146
23163
23200
23205
23330
23343
23345
23352
23364
23386
23438
23440
23441
23469
23472
23539
23549
23607
23608
23681
23687
23695
23704
23738
23795
23830
23847
23901
23908
23994
24026
24039
24060
24074
24078
24133
24187
24236
24262
24264
24269
24312
24316
24326
24346
24383
24426
24433
24484
24509
24544
24549
24605
24642
24685
24704
24720
24728
24760
24810
24827
24835
24848
24904
24964
24997
25027
25088
25093
25121
25124
25208
25238
25290
25317
25346
25364
25367
25396
25402
25533
25544
25570
25571
25590
25595
25644
25669
25693
25696
25705
25727
25728
25733
25739
25742
25768
25780
25788
25838
25883
25892
26004
26010
26025
26027
26043
26044
26073
26080
26143
26183
26354
26370
26440
26454
26709
26718
26766
26842
26889
26896
26923
26984
27019
27033
27125
27172
27236
27237
27245
27288
27315
27328
27574
27587
27607
27675
27750
27777
27783
27926
27973
27993
28001
28011
28139
28164
28182
28310
28341
28345
28365
28371
28416
28459
28480
28494
28505
28596
28598
28612
28673
28678
28723
28732
28971
29001
29020
29050
29058
29103
29149
29162
29258
29267
29329
29333
29347
29366
29377
29441
29449
29468
29577
29585
29620
29628
29636
29675
29681
29737
29739
29744
29797
29801
29814
29828
29830
29848
29914
29915
29933
29942
29945
29972
29990
29992
30016
30026
30060
30077
30103
30144
30171
30263
30279
30314
30361
30491
30521
30530
30538
30540
30544
30588
30594
30596
30694
30709
30719
30737
30741
30762
30816
30818
30827
30867
30870
30873
30916
30994
30998
31023
31047
31049
31099
31162
31181
31190
31235
31262
31263
31294
31306
31320
31333
31343
31366
31417
31432
31448
31498
31661
31762
31835
31907
31920
31950
31977
31997
32002
32040
32046
32054
32072
32100
32108
32176
32195
32291
32293
32327
32328
32345
32351
32368
32434
32436
32477
32524
32616
32657
32658
32675
32677
32707
32708
32754
32755
32769
32816
32886
32914
32962
33007
33103
33106
33213
33230
33295
33343
33350
33404
33454
33460
33464
33513
33618
33672
33673
33674
33693
33694
33730
33732
33752
33799
33822
33837
33880
33905
33918
33944
34022
34024
34074
34133
34157
34159
34196
34198
34279
34300
34322
34340
34405
34435
34510
34577
34585
34586
34644
34674
34680
34726
34764
34779
34832
34861
34890
34913
34947
34996
35006
35018
35032
35046
35073
35090
35110
35119
35122
35123
35223
35224
35280
35290
35291
35308
35326
35353
35356
35359
35375
35384
35485
35504
35505
35514
35553
35588
35607
35634
35643
35651
35712
35754
35791
35852
35891
35906
35933
35946
36004
36014
36092
36100
36178
36201
36248
36274
36349
36361
36376
36423
36464
36465
36479
36509
36555
36574
36593
36615
36636
36641
36667
36683
36688
36693
36726
36754
36763
36790
36836
36841
36875
36896
36898
36918
36922
37029
37049
37075
37151
37178
37236
37321
37335
37354
37488
37571
37585
37603
37612
37645
37699
37706
37724
37756
37782
37851
37885
37899
37909
37953
37954
37971
37987
38023
38058
38132
38163
38249
38254
38262
38267
38321
38369
38410
38467
38523
38531
38536
38560
38568
38603
38631
38697
38715
38721
38746
38890
38897
38898
38997
39001
39021
39040
39128
39148
39265
39273
39287
39333
39377
39378
39387
39478
39501
39514
39537
39541
39591
39614
39642
39653
39656
39662
39685
39687
39703
39737
39764
39853
39909
39920
39964
40007
40015
40127
40163
40323
40429
40490
40536
40567
40617
40680
40683
40849
40902
40921
40923
40976
40999
41020
41112
41148
41149
41154
41167
41196
41281
41288
41339
41389
41404
41433
41441
41522
41541
41573
41591
41636
41675
41715
41739
41773
41787
41857
41929
41935
41982
41994
42048
42233
42253
42289
42310
42332
42388
42453
42456
42515
42516
42547
42553
42564
42591
42598
42692
42697
42720
42734
42761
42816
42817
42937
42938
42967
43030
43038
43052
43079
43099
43100
43173
43227
43236
43258
43297
43331
43368
43553
43590
43605
43607
43623
43648
43663
43702
43727
43742
43776
43790
43873
43894
43908
43909
43940
43941
43966
43975
44025
44068
44090
44117
44139
44140
44147
44177
44178
44184
44215
44279
44312
44334
44385
44414
44524
44603
44621
44645
44658
44671
44683
44714
44736
44756
44766
44773
44860
44877
44939
44941
44966
44981
44996
45028
45031
45065
45083
45092
45112
45152
45203
45215
45285
45340
45341
45359
45378
45392
45431
45498
45602
45623
45702
45704
45714
45723
45732
45763
45824
45841
45844
45845
45862
45864
45866
45894
45916
45918
45949
46005
46060
46070
46095
46146
46215
46234
46263
46336
46368
46375
46405
46411
46414
46421
46434
46499
46500
46533
46544
46577
46622
46648
46681
46721
46751
46757
46761
46801
46834
46850
46855
46871
46908
46910
47003
47011
47028
47034
47053
47062
47065
47099
47112
47116
47184
47224
47274
47281
47368
47369
47386
47416
47456
47537
47544
47546
47566
47602
47608
47635
47675
47677
47680
47694
47725
47754
47796
47810
47816
47820
47823
47852
47866
47955
47969
47993
48019
48041
48058
48108
48169
48174
48237
48271
48280
48358
48429
48463
48518
48539
48558
48609
48658
48695
48802
48818
48829
48850
48870
48930
48947
48954
48975
49007
49063
49109
49111
49160
49161
49197
49255
49264
49294
49364
49385
49407
49427
49455
49459
49477
49501
49531
49537
49599
49644
49669
49692
49702
49751
49759
49858
49910
49939
50075
50095
50098
50186
50272
50314
50316
50331
50342
50357
50564
50620
50644
50653
50674
50686
50689
50732
50762
50778
50797
50864
50941
50946
50964
50967
50985
51031
51043
51044
51098
51113
51119
51126
51165
51168
51190
51231
51272
51284
51287
51288
51359
51372
51388
51409
51449
51483
51497
51509
51511
51555
51556
51629
51673
51682
51684
51690
51777
51865
51873
51957
51977
51996
52068
52073
52074
52111
52145
52148
52152
52160
52203
52206
52228
52247
52287
52322
52332
52385
52408
52414
52501
52534
52548
52638
52641
52642
52689
52757
52758
52849
52887
53029
53127
53132
53143
53172
53184
53209
53263
53288
53315
53321
53327
53360
53370
53403
53437
53458
53502
53521
53522
53530
53544
53548
53599
53604
53620
53635
53731
53733
53768
53786
53821
53824
53830
53842
53852
53855
53871
53887
53936
54004
54017
54060
54067
54080
54094
54098
54113
54124
54195
54212
54249
54250
54278
54296
54307
54316
54317
54337
54343
54371
54374
54387
54464
54465
54472
54488
54523
54542
54560
54566
54568
54579
54630
54683
54721
54750
54766
54776
54829
54834
54945
54957
54986
55037
55093
55099
55221
55247
55306
55311
55323
55346
55352
55356
55357
55386
55458
55463
55492
55499
55523
55532
55578
55639
55667
55673
55735
55743
55784
55791
55888
55898
55904
55928
55993
55994
55996
56018
56024
56068
56081
56103
56106
56142
56218
56243
56282
56300
56342
56368
56372
56383
56392
56398
56460
56516
56553
56562
56578
56579
56581
56596
56627
56645
56653
56676
56694
56802
56805
56823
56866
56925
56933
56961
56989
57006
57050
57084
57085
57111
57118
57158
57177
57209
57215
57231
57235
57305
57314
57320
57384
57388
57426
57451
57481
57489
57571
57692
57774
57841
57851
57895
57940
57941
57947
57956
57977
57988
57989
57997
58020
58088
58151
58162
58228
58295
58374
58417
58443
58493
58508
58603
58618
58738
58760
58834
58844
58862
58919
58920
58936
58957
58984
59009
59038
59060
59100
59109
59125
59130
59215
59231
59236
59306
59353
59367
59416
59540
59565
59570
59577
59589
59592
59606
59684
59691
59747
59762
59773
59797
59939
59994
60037
60043
60048
60129
60176
60204
60225
60226
60234
60248
60276
60305
60357
60375
60411
60430
60487
60592
60597
60631
60641
60700
60716
60746
60750
60781
60793
60861
60874
60893
60900
60926
60954
60962
61013
61030
61043
61049
61061
61084
61134
61137
61178
61214
61286
61333
61420
61506
61546
61556
61645
61650
61724
61732
61822
61826
61842
61874
61877
62010
62022
62040
62114
62160
62172
62173
62200
62234
62293
62332
62343
62395
62487
62509
62544
62570
62591
62593
62624
62632
62634
62665
62739
62799
62916
62942
62948
63008
63010
63026
63034
63049
63092
63127
63158
63179
63180
63206
63209
63226
63253
63258
63293
63297
63303
63308
63318
63361
63393
63407
63421
63439
63523
63565
63645
63801
63849
63850
63923
63931
63934
63948
64006
64071
64160
64191
64323
64456
64471
64499
64502
64505
64531
64556
64562
64613
64645
64660
64662
64669
64683
64699
64749
64778
64859
64887
64911
64926
64929
64991
65065
65074
65102
65215
65278
65311
65349
65373
65403
65433
65509
65640
65662
65689
65755
65758
65812
65817
65833
65837
65852
65870
65925
65930
65959
65974
65990
66080
66154
66181
66238
66280
66294
66332
66341
66344
66381
66406
66447
66459
66525
66558
66577
66637
66648
66658
66660
66697
66869
66919
66943
66954
66957
66963
66966
67047
67056
67147
67161
67166
67215
67219
67228
67380
67400
67449
67461
67470
67471
67485
67489
67494
67533
67545
67548
67560
67604
67790
67810
67903
67950
68007
68020
68029
68060
68108
68120
68123
68159
68200
68240
68255
68281
68304
68305
68335
68388
68417
68466
68509
68533
68547
68571
68578
68605
68626
68627
68663
68731
68854
68874
68885
68945
68964
69037
69105
69113
69119
69126
69127
69185
69240
69264
69307
69323
69351
69412
69414
69433
69456
69549
69578
69641
69663
69686
69723
69734
69757
69784
69793
69894
69948
69949
69967
69995
70008
70009
70022
70031
70039
70057
70107
70108
70164
70196
70232
70250
70271
70300
70311
70401
70500
70549
70560
70621
70649
70668
70682
70782
70791
70813
70825
70838
70963
70994
71011
71031
71043
71059
71068
71094
71111
71130
71179
71231
71325
71354
71356
71382
71392
71398
71516
71534
71571
71580
71646
71654
71697
71713
71817
71822
71829
71831
71972
72000
72013
72018
72131
72136
72275
72278
72306
72359
72367
72401
72437
72449
72506
72608
72611
72636
72684
72689
72708
72728
72761
72800
72883
72887
72909
72921
72931
72982
73073
73107
73152
73183
73217
73323
73429
73430
73485
73497
73537
73559
73569
73577
73592
73604
73617
73672
73682
73683
73701
73702
73704
73727
73734
73820
73843
73844
73882
73891
73953
73972
73979
74007
74021
74032
74040
74044
74051
74064
74067
74160
74212
74218
74247
74259
74316
74416
74447
74467
74469
74491
74510
74515
74579
74633
74654
74690
74753
74776
74799
74862
74904
74921
74941
74969
74971
74974
75003
75018
75059
75063
75067
75180
75336
75350
75351
75398
75422
75491
75505
75522
75538
75541
75542
75546
75549
75573
75584
75599
75633
75785
75794
75795
75797
75799
75820
75874
75889
75963
75968
76021
76187
76300
76440
76481
76491
76492
76550
76579
76586
76589
76592
76700
76732
76733
76753
76761
76767
76838
76887
76904
76917
76966
76974
77007
77013
77044
77068
77071
77104
77110
77147
77155
77156
77171
77234
77374
77384
77440
77481
77588
77607
77657
77734
77833
77836
77901
78016
78041
78052
78055
78087
78162
78237
78270
78273
78284
78285
78304
78331
78346
78369
78426
78430
78465
78568
78642
78645
78668
78722
78734
78770
78789
78841
78888
78955
79001
79006
79025
79035
79082
79092
79095
79159
79197
79205
79215
79223
79254
79256
79305
79313
79323
79329
79338
79354
79362
79383
79395
79466
79469
79544
79547
79569
79578
79653
79676
79682
79691
79717
79759
79824
79884
79901
79930
79932
79937
79955
80006
80032
80065
80066
80094
80123
80130
80162
80178
80229
80256
80261
80263
80355
80360
80407
80413
80493
80526
80585
80616
80641
80662
80670
80699
80727
80731
80733
80758
80848
80850
80857
80926
80938
80942
80953
80968
80989
81035
81056
81080
81121
81201
81205
81233
81258
81367
81376
81378
81440
81464
81515
81523
81539
81616
81648
81680
81688
81727
81787
81801
81827
81839
81846
81858
81872
81922
82035
82046
82068
82075
82077
82173
82236
82249
82253
82287
82307
82329
82377
82528
82531
82588
82606
82618
82654
82668
82712
82713
82715
82732
82769
82895
82958
82974
83034
83102
83147
83149
83154
83190
83264
83271
83274
83311
83338
83357
83416
83494
83585
83612
83644
83717
83794
83852
83866
83869
83884
83894
83904
83944
83980
83982
83983
84008
84028
84093
84099
84137
84181
84288
84306
84407
84442
84455
84457
84460
84464
84491
84510
84518
84540
84548
84590
84596
84626
84706
84708
84730
84734
84747
84769
84838
84851
84885
84947
84955
85018
85028
85030
85066
85117
85143
85185
85197
85232
85261
85278
85309
85336
85367
85373
85374
85405
85416
85429
85439
85462
85475
85493
85500
85544
85548
85595
85687
85691
85692
85724
85756
85785
85836
85864
85865
85888
85934
85948
86046
86049
86139
86140
86155
86165
86190
86222
86235
86252
86266
86299
86306
86361
86377
86390
86456
86461
86465
86516
86572
86605
86640
86661
86663
86716
86758
86791
86900
86922
87011
87122
87158
87166
87195
87214
87272
87276
87302
87339
87366
87420
87490
87505
87524
87534
87542
87543
87558
87588
87608
87616
87622
87644
87744
87752
87769
87785
87804
87810
87886
87888
87924
87954
87960
88017
88063
88092
88191
88237
88259
88302
88320
88353
88355
88363
88372
88377
88389
88391
88393
88410
88434
88466
88479
88589
88652
88691
88699
88814
88817
88867
88905
88912
88921
88946
88964
88990
89002
89003
89004
89013
89044
89052
89097
89118
89134
89171
89188
89209
89254
89287
89308
89312
89344
89381
89474
89490
89493
89498
89548
89613
89707
89741
89805
89845
89858
89894
89905
89920
89929
89938
89968
89976
89990
89994
90050
90054
90089
90100
90119
90165
90170
90210
90368
90406
90445
90478
90490
90514
90561
90570
90592
90665
90667
90673
90820
90852
90879
90904
90972
90993
90996
91012
91029
91067
91073
91128
91141
91178
91289
91319
91424
91492
91552
91629
91677
91699
91803
91829
91832
91877
91879
91911
91925
91937
91978
91988
92006
92039
92053
92060
92077
92150
92162
92204
92220
92268
92332
92394
92417
92465
92496
92587
92619
92639
92690
92719
92758
92771
92781
92786
92790
92791
92821
92912
92921
92929
92971
93016
93057
93069
93150
93155
93183
93252
93262
93295
93303
93317
93332
93350
93423
93525
93653
93781
93830
93847
93849
93865
93876
93916
93971
93976
94091
94098
94113
94151
94202
94222
94223
94271
94278
94298
94423
94465
94477
94484
94508
94540
94549
94553
94563
94574
94580
94606
94627
94723
94735
94874
94884
94920
94972
94980
94993
95062
95065
95089
95163
95191
95203
95213
95214
95220
95285
95320
95327
95489
95537
95572
95578
95586
95606
95609
95616
95640
95657
95668
95671
95693
95709
95736
95809
95839
95855
95871
95928
95944
96004
96029
96074
96075
96116
96127
96128
96189
96211
96231
96232
96343
96364
96385
96408
96414
96431
96477
96478
96492
96517
96518
96530
96532
96592
96714
96722
96728
96797
96811
96816
96941
96971
97021
97026
97034
97109
97135
97210
97230
97232
97267
97288
97318
97328
97342
97351
97391
97411
97434
97459
97511
97629
97671
97680
97681
97686
97713
97716
97729
97766
97818
97872
97873
97987
98033
98036
98060
98130
98139
98140
98148
98153
98155
98156
98173
98177
98178
98226
98228
98230
98239
98293
98298
98310
98317
98380
98399
98402
98412
98438
98470
98503
98556
98588
98603
98681
98736
98750
98789
98865
98874
98875
98894
99003
99046
99064
99070
99098
99119
99133
99163
99236
99287
99299
99341
99400
99423
99520
99523
99555
99561
99602
99690
99700
99762
99777
99782
99783
99812
99959
99992
100025
100040
100043
100083
100099
100128
100172
100204
100263
100278
100284
100320
100324
100339
100369
100402
100432
100436
100491
100631
100636
100665
100672
100701
100857
100878
100890
100894
100906
100909
100955
100959
100969
101032
101041
101054
101100
101175
101206
101263
101269
101279
101325
101350
101386
101412
101432
101466
101523
101558
101579
101602
101631
101697
101704
101714
101724
101855
101911
101923
101946
101959
101983
102003
102047
102066
102071
102170
102192
102239
102287
102305
102348
102355
102426
102503
102511
102521
102524
102534
102539
102553
102636
102644
102681
102702
102723
102739
102742
102813
102817
102822
102834
102870
102981
103072
103135
103174
103194
103216
103240
103263
103275
103282
103306
103334
103340
103353
103479
103498
103525
103553
103567
103602
103620
103747
103812
103865
103920
103964
103978
103997
104001
104026
104060
104079
104100
104124
104132
104133
104171
104174
104178
104207
104214
104241
104251
104253
104267
104271
104323
104339
104437
104455
104477
104549
104586
104614
104629
104679
104711
104730
104745
104807
104867
104915
104935
104961
104973
105026
105035
105049
105064
105123
105154
105176
105190
105200
105201
105227
105266
105279
105280
105285
105344
105391
105424
105428
105450
105468
105528
105560
105568
105589
105593
105597
105602
105630
105748
105794
105829
105833
105856
105906
105917
105946
105984
106007
106009
106028
106211
106220
106240
106244
106344
106365
106386
106401
106411
106435
106623
106712
106777
106787
106801
106832
106886
106936
107084
107154
107197
107214
107247
107288
107311
107335
107336
107367
107386
107390
107413
107417
107491
107499
107558
107568
107589
107597
107619
107625
107675
107706
107762
107805
107822
107840
107886
107898
107938
107975
108008
108028
108036
108065
108118
108122
108133
108164
108167
108177
108186
108284
108406
108423
108514
108527
108597
108613
108707
108715
108753
108756
108757
108820
108920
108945
108949
108958
108961
108962
108971
109044
109058
109103
109106
109112
109192
109194
109236
109254
109258
109285
109315
109339
109360
109371
109409
109446
109479
109530
109570
109592
109593
109616
109669
109705
109756
109788
109895
109909
109920
109987
109990
110001
110028
110039
110054
110161
110235
110363
110392
110401
110413
110418
110538
110583
110592
110613
110632
110673
110678
110710
110721
110803
110812
110910
110913
110994
110999
111049
111071
111081
111096
111144
111154
111161
111178
111190
111192
111243
111249
111267
111334
111364
111502
111520
111523
111531
111540
111542
111547
111553
111606
111614
111615
111627
111632
111693
111777
111784
111862
111924
111932
111945
111995
112096
112122
112141
112160
112168
112169
112251
112255
112263
112276
112302
112310
112349
112367
112384
112403
112431
112432
112459
112494
112520
112542
112561
112648
112684
112694
112697
112718
112748
112814
112827
112834
112842
112935
112945
112999
113025
113057
113120
113143
113220
113291
113401
113408
113448
113489
113500
113511
113532
113606
113616
113618
113665
113680
113745
113873
113909
113942
113964
113966
113969
114024
114041
114048
114056
114075
114076
114096
114151
114174
114230
114250
114315
114322
114325
114373
114387
114487
114534
114565
114569
114593
114657
114658
114705
114744
114779
114799
114809
114810
114838
114917
114931
115017
115054
115057
115091
115093
115107
115171
115196
115202
115213
115221
115253
115272
115279
115316
115362
115370
115403
115455
115497
115529
115565
115570
115602
115665
115722
115760
115787
115824
115833
115861
115873
115874
115900
115911
115913
115983
115996
116033
116082
116106
116133
116145
116187
116203
116210
116234
116261
116268
116286
116318
116353
116390
116399
116406
116447
116450
116468
116475
116623
116659
116752
116755
116756
116761
116776
116815
116865
116886
116924
116944
116996
117030
117046
117048
117052
117056
117137
117187
117199
117234
117237
117254
117294
117299
117353
117385
117398
117592
117618
117692
117716
117746
117783
117833
117871
117872
117908
117975
117976
118003
118021
118035
118040
118055
118068
118100
118145
118159
118196
118210
118320
118331
118344
118355
118434
118468
118479
118497
118545
118574
118589
118608
118649
118660
118745
118767
118776
118781
118790
118792
118831
118838
118852
118864
118903
118939
118950
119010
119033
119038
119063
119064
119069
119085
119130
119162
119238
119262
119264
119316
119354
119372
119412
119414
119435
119442
119458
119465
119468
119488
119513
119516
119517
119519
119555
119568
119668
119673
119676
119682
119702
119725
119813
119871
119880
119887
119966
119995
120020
120036
120065
120086
120101
120144
120161
120176
120205
120210
120228
120237
120246
120255
120379
120388
120431
120452
120457
120466
120472
120485
120621
120694
120710
120720
120749
120773
120805
120831
120843
120849
120857
120938
120939
120944
121011
121014
121080
121121
121135
121178
121192
121209
121230
121235
121287
121326
121335
121355
121402
121420
121431
121437
121447
121456
121463
121508
121521
121556
121591
121595
121602
121658
121677
121795
121902
121928
121993
122000
122014
122035
122153
122211
122215
122234
122256
122259
122287
122304
122375
122439
122447
122454
122471
122523
122527
122557
122562
122612
122623
122722
122737
122762
122852
122926
122929
122932
122947
122982
123086
123140
123243
123287
123307
123329
123332
123361
123384
123428
123466
123481
123620
123662
123719
123775
123804
123816
123821
123823
123886
123961
123988
123992
124014
124040
124064
124109
124169
124178
124179
124240
124286
124314
124362
124370
124407
124416
124541
124549
124572
124590
124600
124632
124648
124649
124679
124699
124714
124806
124870
124956
124958
124967
124977
124982
125020
125035
125050
125085
125190
125191
125209
125228
125306
125329
125504
125513
125547
125622
125648
125655
125738
125793
125828
125934
125950
125969
125970
126069
126106
126126
126207
126253
126285
126297
126299
126326
126421
126428
126442
126455
126470
126482
126499
126554
126561
126579
126635
126665
126704
126905
126913
126927
126936
126974
126981
127008
127020
127077
127111
127117
127120
127158
127210
127219
127246
127260
127301
127358
127386
127389
127432
127483
127490
127493
127510
127632
127737
127743
127770
127792
127813
127816
127945
127948
127951
127958
127960
128028
128047
128053
128080
128117
128161
128163
128170
128173
128230
128243
128257
128278
128303
128347
128389
128393
128402
128431
128432
128480
128511
128554
128653
128675
128691
128745
128747
128774
128819
128854
128882
128895
128896
129041
129083
129136
129146
129159
129192
129200
129227
129240
129253
129271
129309
129319
129355
129360
129394
129413
129474
129498
129546
129568
129593
129618
129622
129704
129760
129776
129802
129806
129814
129911
130030
130043
130061
130070
130082
130247
130283
130285
130337
130369
130400
130434
130479
130514
130568
130572
130599
130604
130618
130644
130668
130730
130737
130742
130744
130791
130822
130882
130885
130888
130911
130993
130999
131020
131073
131082
131088
131094
131102
131118
131138
131140
131177
131202
131212
131236
131321
131385
131392
131478
131485
131567
131608
131626
131720
131740
131743
131798
131813
131860
131863
131870
131915
131917
131921
131973
131981
132007
132089
132091
132138
132148
132154
132171
132184
132193
132237
132261
132278
132359
132415
132416
132449
132456
132463
132474
132484
132541
132549
132551
132579
132596
132616
132653
132655
132670
132691
132696
132787
132860
132888
132908
133000
133002
133061
133068
133087
133110
133134
133147
133175
133176
133236
133263
133277
133283
133286
133344
133353
133477
133504
133540
133548
133630
133648
133655
133730
133787
133796
133923
133957
133975
134006
134019
134025
134055
134056
134060
134097
134157
134189
134191
134315
134319
134339
134347
134359
134365
134411
134441
134456
134517
134563
134629
134703
134734
134747
134796
134850
134877
134878
134888
134890
134912
134952
134991
134995
135067
135092
135228
135268
135308
135334
135409
135454
135489
135538
135566
135579
135585
135604
135612
135619
135621
135633
135642
135680
135690
135736
135753
135786
135791
135802
135850
135851
135856
135872
135896
135946
135989
136013
136019
136093
136155
136226
136229
136262
136266
136268
136337
136373
136374
136379
136499
136524
136535
136627
136697
136767
136794
136796
136853
136857
136861
136863
136936
137014
137047
137053
137075
137168
137178
137186
137190
137194
137223
137240
137295
137341
137343
137396
137445
137502
137532
137546
137606
137610
137670
137681
137682
137729
137784
137806
137808
137830
137838
137872
137876
137933
137943
137986
137991
138061
138069
138092
138175
138193
138206
138227
138273
138298
138370
138466
138474
138490
138495
138517
138564
138579
138581
138591
138636
138660
138679
138745
138786
138857
138907
138910
139023
139036
139073
139087
139108
139113
139154
139211
139246
139272
139315
139339
139345
139352
139360
139381
139410
139454
139520
139522
139537
139598
139624
139637
139652
139708
139730
139823
139845
139866
139914
139951
139998
140028
140036
140053
140065
140069
140083
140108
140136
140138
140158
140186
140197
140209
140213
140326
140345
140364
140367
140368
140404
140406
140564
140589
140609
140634
140645
140748
140772
140851
140858
140860
140929
140968
140986
141004
141012
141015
141023
141055
141198
141208
141223
141242
141392
141397
141399
141409
141437
141439
141482
141486
141546
141614
141619
141688
141712
141795
141811
141814
141836
141847
141860
141864
141868
141890
141983
142089
142105
142227
142263
142370
142429
142473
142485
142498
142510
142514
142524
142567
142577
142585
142601
142633
142701
142715
142739
142756
142804
142867
142926
142928
142938
143034
143043
143069
143102
143146
143243
143266
143289
143298
143303
143319
143323
143326
143388
143460
143466
143475
143478
143484
143496
143498
143507
143524
143531
143544
143592
143713
143722
143729
143747
143822
143835
143877
143891
143922
143996
144039
144047
144063
144130
144140
144176
144199
144205
144239
144250
144304
144318
144343
144344
144360
144394
144401
144440
144452
144493
144531
144545
144546
144619
144699
144715
144742
144826
144830
144832
144856
144883
144936
144967
145082
145106
145110
145116
145189
145200
145249
145275
145279
145295
145307
145362
145396
145433
145446
145523
145544
145580
145582
145728
145745
145805
145862
145867
146000
146018
146061
146114
146154
146202
146266
146284
146286
146347
146377
146424
146438
146463
146481
146523
146536
146541
146557
146585
146680
146702
146743
146886
146937
146996
147007
147112
147121
147141
147162
147179
147182
147187
147219
147301
147334
147433
147444
147478
147540
147580
147586
147625
147661
147667
147685
147721
147746
147849
147853
147860
147863
147892
147932
147936
147956
147959
147992
148014
148043
148068
148078
148127
148159
148162
148191
148198
148218
148230
148266
148295
148313
148352
148353
148384
148405
148407
148433
148442
148448
148471
148477
148505
148520
148530
148569
148583
148585
148597
148612
148623
148654
148665
148720
148775
148851
148876
148895
148937
148938
148960
149037
149051
149085
149110
149218
149235
149258
149318
149336
149341
149366
149427
149475
149482
149484
149592
149635
149638
149650
149672
149681
149705
149733
149746
149806
149810
149858
149963
150059
150214
150219
150238
150268
150281
150324
150335
150353
150374
150376
150381
150384
150402
150417
150494
150502
150523
150547
150591
150622
150637
150659
150671
150718
150722
150769
150777
150785
150825
150869
150902
150913
150934
150990
151050
151083
151116
151155
151185
151330
151394
151395
151447
151458
151490
151513
151543
151545
151547
151582
151638
151640
151696
151697
151702
151703
151738
151791
151792
151863
151864
151918
151936
151944
151984
152092
152132
152151
152212
152228
152230
152245
152325
152375
152412
152414
152473
152484
152547
152551
152564
152573
152587
152594
152615
152617
152644
152689
152710
152749
152783
152791
152846
152883
153005
153095
153185
153230
153243
153346
153413
153495
153567
153600
153636
153648
153662
153672
153696
153786
153842
153867
153880
153905
153916
153923
153944
153975
153981
154013
154016
154021
154077
154088
154108
154151
154212
154220
154226
154266
154314
154322
154338
154348
154412
154427
154435
154437
154449
154543
154589
154642
154653
154693
154703
154738
154828
154853
154862
154876
154896
154970
155014
155041
155070
155126
155150
155172
155210
155219
155233
155354
155382
155400
155457
155490
155491
155509
155543
155623
155664
155734
155917
156015
156028
156036
156040
156079
156096
156155
156197
156198
156253
156278
156289
156302
156327
156340
156359
156380
156508
156569
156629
156654
156695
156727
156729
156766
156770
156780
156848
156867
156887
156895
156909
156928
156952
156975
157020
157070
157098
157137
157190
157273
157312
157338
157339
157361
157362
157364
157374
157418
157464
157479
157481
157492
157546
157553
157554
157612
157734
157746
157758
157818
157855
157920
157924
157978
157988
157994
158032
158055
158099
158157
158158
158185
158197
158244
158282
158304
158348
158357
158366
158374
158400
158454
158482
158496
158596
158631
158674
158703
158732
158746
158750
158786
158822
158824
158894
158978
159006
159032
159111
159132
159181
159227
159359
159368
159394
159433
159472
159582
159611
159696
159704
159733
159768
159816
159867
159952
159998
160024
160025
160048
160069
160122
160153
160161
160171
160181
160214
160227
160243
160305
160318
160423
160434
160512
160547
160551
160595
160609
160626
160709
160725
160729
160733
160738
160822
160848
160857
160901
160952
160975
160978
161034
161047
161120
161142
161168
161179
161188
161201
161243
161254
161290
161307
161319
161322
161328
161456
161457
161467
161502
161554
161565
161647
161706
161719
161734
161735
161757
161789
161849
161859
161908
161949
161990
162015
162072
162132
162152
162167
162234
162239
162280
162301
162317
162340
162348
162523
162603
162609
162634
162657
162662
162671
162676
162706
162714
162721
162729
162802
162806
162860
162869
162877
162895
162927
162946
162958
162960
163083
163171
163208
163225
163260
163271
163296
163311
163360
163368
163382
163387
163434
163566
163571
163643
163671
163679
163726
163728
163791
163815
163830
163884
163887
163889
163908
163930
163934
163976
164026
164041
164084
164151
164170
164175
164187
164211
164271
164319
164364
164390
164420
164493
164515
164570
164608
164695
164714
164738
164757
164767
164789
164797
164867
164899
164932
165012
165034
165036
165045
165093
165106
165118
165133
165190
165265
165267
165276
165319
165404
165454
165495
165502
165549
165568
165571
165625
165646
165662
165679
165682
165708
165932
165948
166026
166041
166056
166074
166095
166103
166107
166134
166149
166172
166178
166243
166247
166319
166329
166337
166393
166397
166482
166525
166534
166536
166549
166593
166601
166606
166611
166623
166627
166634
166648
166683
166758
166811
166861
166876
166880
166920
166922
166937
166938
166967
167000
167013
167085
167128
167157
167181
167211
167216
167253
167275
167298
167314
167349
167358
167377
167418
167460
167474
167500
167507
167517
167532
167533
167550
167625
167681
167702
167705
167707
167730
167758
167765
167795
167826
167873
167879
167889
167920
167992
168099
168100
168104
168124
168150
168157
168184
168194
168199
168214
168225
168239
168276
168290
168334
168343
168386
168403
168513
168529
168582
168589
168619
168718
168737
168739
168819
168847
168883
168884
168891
168896
168897
168901
168997
169012
169036
169046
169097
169102
169116
169180
169194
169213
169249
169287
169337
169375
169417
169466
169581
169621
169625
169641
169779
169816
169872
169980
169991
169996
170093
170122
170155
170239
170250
170306
170343
170387
170391
170402
170444
170458
170495
170502
170565
170618
170621
170645
170747
170786
170795
170852
170859
170877
170881
170893
170941
170983
171028
171037
171053
171077
171089
171189
171194
171211
171214
171272
171282
171294
171326
171357
171393
171431
171434
171443
171446
171454
171513
171531
171547
171553
171593
171680
171730
171734
171817
171846
171848
171850
171892
171899
171912
171985
171990
172018
172035
172040
172055
172086
172136
172142
172167
172170
172210
172219
172252
172255
172300
172447
172450
172496
172502
172509
172559
172578
172587
172668
172688
172724
172762
172794
172804
172824
172930
172997
173006
173096
173100
173104
173125
173252
173264
173272
173286
173367
173368
173400
173401
173421
173484
173495
173532
173538
173554
173562
173592
173607
173678
173686
173701
173729
173731
173806
173846
173967
173989
174018
174097
174116
174145
174148
174158
174173
174284
174301
174315
174368
174391
174400
174404
174419
174497
174508
174553
174578
174592
174597
174604
174633
174645
174666
174706
174745
174786
174794
174865
174874
174875
174896
174945
174960
174973
174996
175031
175032
175055
175169
175174
175234
175252
175449
175475
175570
175646
175649
175707
175720
175722
175731
175747
175750
175754
175759
175780
175824
175873
175940
175968
176004
176059
176063
176066
176119
176125
176134
176160
176185
176275
176308
176380
176381
176389
176391
176404
176408
176529
176555
176598
176613
176635
176643
176644
176652
176657
176666
176712
176720
176796
176910
176913
176914
176965
176983
176984
177005
177010
177024
177067
177073
177192
177193
177199
177207
177218
177242
177245
177364
177387
177395
177450
177454
177455
177535
177553
177579
177604
177625
177680
177682
177694
177796
177799
177809
177865
177871
177881
177916
177995
178006
178063
178118
178124
178132
178146
178208
178233
178256
178263
178347
178365
178432
178434
178473
178486
178517
178569
178611
178674
178680
178684
178745
178811
178853
178867
178980
178989
179004
179027
179046
179086
179149
179154
179211
179230
179233
179249
179267
179312
179316
179360
179426
179437
179475
179490
179519
179523
179525
179531
179538
179565
179587
179687
179719
179763
179788
179791
179816
179873
179876
179900
179904
179944
179962
180001
180045
180256
180275
180296
180332
180335
180344
180347
180392
180399
180412
180417
180425
180435
180447
180472
180578
180587
180592
180658
180669
180723
180741
180755
180806
180835
180886
180893
180908
180917
180936
180957
180960
180997
181005
181015
181062
181089
181122
181134
181209
181243
181253
181267
181302
181339
181344
181345
181359
181387
181408
181426
181434
181471
181497
181597
181602
181622
181664
181698
181703
181724
181740
181791
181840
181902
181974
181978
181986
182022
182039
182106
182115
182116
182126
182189
182221
182240
182251
182255
182305
182336
182413
182438
182447
182527
182606
182615
182649
182664
182667
182684
182687
182706
182735
182745
182761
182809
182837
182838
182950
182951
182995
183011
183041
183126
183138
183159
183177
183280
183284
183299
183395
183402
183473
183506
183522
183755
183793
183796
183809
183849
183916
183933
183937
183944
183959
183961
183985
184009
184017
184021
184042
184067
184148
184154
184172
184198
184202
184248
184271
184274
184281
184310
184361
184392
184394
184526
184535
184591
184649
184675
184682
184713
184738
184797
184832
184900
184909
184923
184925
184945
184948
184993
185066
185097
185130
185182
185185
185187
185200
185233
185255
185310
185312
185347
185464
185489
185542
185580
185586
185635
185672
185673
185687
185748
185776
185801
185866
185874
185919
185987
186007
186045
186078
186097
186126
186133
186166
186232
186258
186268
186376
186380
186400
186418
186483
186495
186498
186544
186549
186612
186630
186659
186669
186689
186811
186878
186882
186888
186890
186903
186905
186916
186955
186959
186991
187018
187030
187049
187066
187152
187181
187199
187205
187256
187296
187298
187356
187412
187433
187447
187558
187580
187588
187619
187627
187652
187688
187743
187753
187763
187801
187861
187867
187869
187902
187933
188006
188098
188116
188121
188188
188194
188237
188249
188256
188264
188292
188293
188306
188398
188420
188447
188453
188455
188469
188496
188506
188526
188561
188583
188638
188694
188723
188737
188762
188789
188791
188822
188858
188933
189120
189146
189154
189159
189181
189226
189232
189236
189241
189242
189341
189351
189355
189371
189404
189505
189516
189549
189556
189576
189616
189644
189652
189672
189695
189756
189792
189833
189843
189854
189885
189944
189998
190022
190068
190132
190138
190193
190196
190200
190206
190236
190257
190263
190266
190268
190273
190293
190354
190430
190455
190495
190513
190569
190583
190603
190700
190750
190763
190799
190801
190866
190903
190920
190928
191009
191051
191119
191123
191168
191180
191223
191276
191326
191340
191356
191371
191434
191439
191449
191498
191504
191508
191517
191522
191528
191552
191556
191561
191611
191627
191630
191659
191689
191738
191742
191749
191804
191815
191827
191828
191853
191863
191915
191988
191996
192045
192095
192099
192100
192217
192229
192321
192404
192486
192490
192493
192543
192563
192578
192588
192621
192625
192634
192637
192638
192665
192698
192707
192718
192800
192816
192838
192867
192871
192917
192922
192949
192956
192965
193007
193028
193035
193053
193086
193138
193154
193175
193200
193217
193255
193261
193284
193328
193378
193411
193496
193502
193503
193505
193509
193512
193580
193618
193628
193643
193665
193683
193696
193703
193708
193747
193810
193818
193859
193901
193910
193935
193936
193983
193987
194001
194005
194011
194036
194122
194137
194149
194222
194230
194233
194318
194409
194449
194482
194502
194517
194529
194535
194536
194542
194548
194559
194608
194609
194618
194630
194634
194640
194696
194715
194804
194815
194851
194853
194888
194889
194898
194938
194998
195015
195046
195090
195099
195157
195198
195211
195224
195233
195255
195274
195300
195305
195338
195346
195350
195355
195361
195431
195462
195511
195543
195560
195589
195713
195753
195832
195858
195878
195909
195911
196014
196063
196074
196099
196124
196148
196157
196181
196306
196307
196401
196555
196648
196658
196668
196683
196688
196718
196724
196784
196787
196818
196863
196884
196906
196947
196955
196967
196978
197003
197025
197058
197116
197126
197182
197185
197189
197198
197242
197243
197258
197273
197349
197384
197390
197407
197513
197524
197531
197537
197544
197558
197636
197673
197675
197687
197752
197771
197838
197848
197878
197925
197985
198063
198068
198080
198097
198108
198114
198121
198135
198164
198178
198179
198202
198207
198208
198268
198298
198327
198329
198353
198393
198415
198417
198461
198496
198544
198581
198586
198588
198651
198652
198660
198665
198694
198743
198760
198821
198837
198851
198905
198916
198923
198936
198964
198998
199000
199018
199111
199121
199153
199172
199213
199222
199237
199262
199263
199275
199283
199304
199421
199434
199470
199544
199762
199784
199815
199882
199899
199908
199918
199930
199956
199960
200043
200113
200144
200155
200163
200226
200238
200276
200296
200328
200399
200428
200444
200474
200536
200595
200659
200661
200667
200710
200742
200793
200865
200869
200901
200980
200985
200991
201082
201190
201195
201244
201315
201358
201373
201404
201405
201410
201419
201465
201517
201588
201589
201615
201643
201670
201779
201917
201918
202075
202076
202168
202191
202193
202204
202206
202212
202368
202430
202557
202566
202586
202595
202633
202639
202675
202697
202744
202751
202779
202917
202973
203019
203021
203030
203118
203132
203143
203173
203183
203208
203234
203239
203270
203274
203275
203297
203329
203332
203342
203422
203431
203443
203447
203451
203512
203591
203597
203624
203634
203675
203731
203779
203793
203807
203866
203965
203976
203990
203992
204092
204115
204190
204212
204256
204258
204261
204262
204290
204303
204339
204346
204361
204371
204413
204430
204443
204462
204488
204499
204564
204608
204621
204668
204698
204699
204712
204727
204749
204828
204915
204918
204984
205009
205010
205011
205039
205076
205093
205129
205234
205263
205266
205283
205413
205421
205422
205493
205497
205511
205534
205573
205580
205609
205652
205690
205715
205732
205797
205802
205830
205846
205864
205882
205909
205937
205952
205988
206015
206035
206075
206082
206107
206123
206131
206176
206217
206295
206306
206350
206361
206421
206477
206480
206483
206501
206636
206671
206675
206694
206704
206793
206812
206862
206997
207043
207057
207061
207067
207076
207192
207215
207286
207306
207343
207365
207405
207407
207421
207439
207519
207562
207569
207583
207592
207668
207690
207705
207711
207716
207756
207761
207768
207809
207815
207818
207836
207903
207923
207941
207957
207960
207962
207982
207991
208013
208038
208042
208053
208087
208116
208173
208248
208272
208397
208415
208430
208450
208459
208518
208521
208540
208558
208563
208587
208611
208650
208654
208664
208676
208695
208696
208713
208754
208783
208788
208812
208845
208864
208982
209066
209106
209109
209113
209121
209173
209180
209189
209208
209216
209218
209271
209280
209291
209313
209337
209392
209397
209409
209425
209439
209457
209474
209475
209501
209518
209519
209542
209553
209587
209641
209711
209717
209777
209780
209785
209978
210007
210015
210029
210174
210181
210280
210329
210360
210394
210404
210407
210494
210522
210538
210552
210588
210629
210666
210682
210721
210724
210736
210813
210831
210848
210857
210871
210895
210917
210933
210953
210954
210970
211087
211112
211123
211144
211155
211176
211196
211221
211255
211327
211331
211335
211377
211419
211435
211444
211601
211621
211667
211685
211762
211786
211820
211822
211869
211896
211947
211959
212040
212060
212073
212173
212235
212250
212314
212326
212360
212366
212419
212423
212424
212431
212437
212564
212579
212609
212624
212694
212721
212753
212779
212804
212817
212824
212838
212839
212841
212857
212859
212997
213030
213035
213044
213080
213081
213159
213245
213269
213271
213274
213288
213339
213354
213362
213367
213416
213423
213513
213529
213544
213577
213598
213633
213648
213675
213759
213857
213861
213908
213934
213971
213975
214003
214120
214132
214133
214142
214166
214182
214227
214233
214263
214267
214270
214284
214348
214355
214381
214420
214423
214529
214587
214635
214707
214709
214722
214728
214773
214809
214890
214908
214961
214983
215084
215125
215139
215164
215178
215245
215270
215285
215357
215426
215466
215478
215557
215559
215599
215676
215787
215842
215874
215952
215964
216051
216072
216098
216133
216137
216179
216210
216261
216330
216350
216407
216428
216442
216512
216533
216575
216645
216676
216718
216780
216787
216788
216793
216802
216803
216811
216892
216899
216935
216966
217072
217115
217124
217132
217133
217148
217164
217179
217192
217204
217249
217274
217320
217421
217544
217579
217605
217622
217626
217638
217665
217673
217684
217688
217725
217751
217803
217856
217877
217925
217942
217958
218002
218003
218018
218037
218073
218138
218143
218164
218187
218237
218299
218363
218380
218431
218437
218470
218486
218490
218496
218511
218600
218621
218647
218729
218754
218774
218814
218870
218881
218950
218998
219025
219032
219057
219078
219120
219121
219139
219151
219161
219162
219182
219184
219203
219257
219259
219277
219317
219360
219368
219454
219481
219562
219626
219662
219671
219681
219709
219754
219781
219802
219827
219873
219977
219987
220022
220057
220089
220098
220100
220128
220242
220266
220273
220344
220347
220350
220356
220441
220445
220475
220533
220536
220537
220579
220595
220636
220651
220705
220763
220766
220780
220800
220802
220804
220832
220942
220951
220956
220966
220968
220972
221017
221050
221148
221172
221181
221192
221198
221251
221274
221317
221329
221407
221426
221431
221446
221463
221481
221486
221500
221575
221590
221624
221630
221642
221673
221690
221697
221719
221755
221778
221797
221825
221842
221854
221940
221988
222050
222071
222152
222173
222175
222184
222190
222229
222282
222283
222302
222335
222339
222366
222399
222465
222504
222510
222511
222523
222580
222639
222646
222656
222709
222808
222822
222839
222965
222982
222985
223046
223074
223221
223255
223315
223325
223330
223338
223348
223362
223367
223377
223467
223492
223531
223542
223543
223607
223637
223669
223684
223694
223697
223703
223715
223721
223722
223738
223789
223840
223842
223856
223863
223870
223874
223884
223906
223986
223995
224002
224022
224035
224042
224054
224063
224124
224178
224235
224282
224317
224354
224369
224384
224470
224486
224510
224608
224646
224717
224741
224752
224800
224839
224868
224942
224962
225058
225123
225146
225187
225209
225213
225303
225373
225398
225431
225441
225516
225518
225603
225625
225651
225666
225670
225683
225740
225742
225828
225834
225845
225908
225926
225929
225944
225977
225995
226022
226036
226054
226085
226110
226112
226237
226253
226289
226303
226309
226396
226429
226505
226549
226560
226564
226578
226609
226647
226669
226674
226676
226687
226708
226757
226763
226772
226805
226871
226917
226922
226969
226986
227014
227042
227044
227045
227047
227054
227057
227136
227200
227256
227272
227286
227294
227312
227345
227357
227366
227370
227372
227375
227459
227469
227472
227484
227496
227508
227529
227543
227546
227570
227579
227642
227680
227710
227727
227744
227757
227773
227822
227841
227844
227877
227951
227961
227968
227970
228037
228055
228070
228147
228172
228196
228226
228282
228308
228329
228345
228347
228389
228437
228471
228534
228553
228584
228586
228590
228605
228680
228744
228825
228835
228881
228917
228924
228928
228967
229006
229057
229109
229256
229259
229263
229280
229307
229351
229371
229389
229416
229419
229431
229459
229582
229598
229636
229647
229648
229653
229665
229697
229718
229723
229753
229762
229808
229846
229861
229864
229926
229961
230052
230070
230089
230147
230164
230220
230223
230232
230248
230334
230396
230428
230435
230440
230442
230484
230496
230501
230531
230536
230589
230621
230625
230689
230761
230780
230796
230802
230849
230909
230933
230935
230968
231131
231182
231201
231295
231315
231353
231388
231404
231415
231436
231444
231464
231497
231498
231512
231515
231566
231581
231670
231682
231808
231846
231894
231901
231921
231922
232022
232029
232043
232078
232169
232196
232206
232306
232367
232406
232410
232464
232467
232475
232492
232499
232607
232627
232644
232690
232706
232708
232719
232735
232811
232817
232856
232888
232930
232953
232972
232980
233006
233008
233012
233025
233044
233080
233244
233249
233268
233271
233275
233294
233317
233321
233392
233417
233500
233513
233516
233529
233547
233576
233594
233625
233674
233793
233859
233887
233907
233926
233933
233943
234018
234028
234032
234034
234087
234115
234159
234184
234255
234265
234270
234280
234292
234305
234340
234362
234401
234428
234464
234537
234544
234591
234604
234667
234672
234678
234687
234763
234769
234799
234821
234831
234889
234909
234920
234940
234959
234981
235010
235056
235076
235080
235082
235119
235137
235181
235227
235228
235245
235256
235420
235451
235483
235488
235521
235550
235599
235600
235613
235618
235637
235670
235682
235683
235690
235696
235711
235765
235771
235830
235837
235897
235898
235900
235966
235968
236002
236062
236071
236082
236090
236098
236116
236138
236170
236209
236247
236383
236398
236403
236435
236440
236457
236487
236518
236537
236579
236594
236596
236628
236684
236702
236786
236793
236846
236859
236863
236867
236917
236938
236944
236948
236985
236993
236996
237002
237142
237178
237191
237194
237207
237215
237232
237292
237327
237349
237393
237420
237427
237441
237451
237599
237645
237669
237678
237691
237698
237721
237767
237881
237900
237928
237937
238025
238093
238204
238223
238242
238266
238274
238300
238331
238333
238378
238381
238444
238455
238456
238462
238464
238492
238635
238647
238682
238699
238740
238772
238799
238822
238873
238908
238981
239081
239133
239177
239261
239265
239267
239270
239386
239570
239663
239713
239728
239737
239742
239751
239794
239819
239841
239870
239872
239900
239963
240029
240035
240051
240057
240060
240117
240118
240152
240189
240199
240219
240298
240332
240443
240504
240540
240551
240569
240586
240607
240642
240701
240706
240804
240900
240931
240936
240948
240949
240999
241114
241125
241140
241147
241196
241363
241365
241370
241387
241402
241406
241408
241411
241424
241427
241486
241503
241509
241531
241549
241574
241580
241591
241594
241616
241642
241687
241787
241835
241893
241906
241921
241973
242032
242050
242081
242124
242125
242151
242185
242217
242233
242292
242325
242326
242355
242370
242449
242503
242519
242573
242612
242673
242693
242694
242723
242726
242747
242752
242770
242789
242824
242835
242847
242869
242901
242914
242918
242941
242987
242993
243068
243087
243090
243119
243152
243153
243195
243205
243255
243367
243379
243418
243463
243469
243504
243549
243569
243615
243743
243859
243867
243868
243870
243881
243945
243986
244108
244194
244200
244206
244233
244300
244323
244329
244350
244386
244444
244487
244502
244543
244678
244785
244855
244882
244952
244961
245040
245092
245104
245167
245194
245217
245222
245233
245238
245260
245268
245272
245277
245280
245352
245431
245513
245614
245639
245745
245776
245824
245886
245896
245915
246004
246039
246102
246126
246164
246204
246239
246244
246248
246273
246274
246296
246298
246302
246314
246326
246329
246335
246378
246384
246409
246429
246443
246452
246573
246576
246595
246604
246684
246689
246698
246710
246762
246808
246840
246913
246928
246937
246938
246986
246989
247009
247036
247140
247190
247208
247243
247268
247269
247293
247299
247315
247338
247340
247361
247388
247404
247413
247440
247463
247590
247630
247666
247674
247726
247728
247755
247762
247776
247793
247797
247837
247852
247863
247950
247953
248014
248116
248212
248238
248282
248288
248325
248327
248351
248360
248399
248403
248417
248423
248489
248510
248520
248523
248627
248639
248681
248792
248801
248961
248996
249010
249036
249039
249044
249065
249117
249133
249147
249155
249198
249204
249231
249393
249434
249502
249514
249515
249523
249537
249578
249582
249595
249609
249627
249691
249715
249739
249743
249747
249756
249824
249865
249879
249887
249915
249930
250035
250109
250120
250232
250239
250274
250391
250401
250442
250467
250525
250540
250584
250634
250643
250647
250674
250743
250756
250763
250778
250794
250824
250934
250967
250983
250993
250997
250998
251052
251086
251144
251165
251195
251206
251265
251316
251324
251353
251356
251367
251409
251410
251430
251488
251513
251537
251576
251588
251656
251673
251771
251826
251850
251851
251873
251879
251942
251987
252022
252048
252049
252051
252101
252131
252138
252215
252244
252248
252268
252281
252291
252316
252332
252436
252449
252469
252522
252547
252621
252624
252634
252652
252665
252688
252738
252785
252796
252861
253068
253105
253153
253157
253180
253207
253240
253245
253257
253292
253296
253367
253380
253395
253420
253440
253447
253465
253475
253482
253549
253573
253678
253701
253723
253774
253794
253821
253823
253832
253853
253855
253870
253893
253944
253980
254004
254009
254017
254035
254075
254100
254119
254195
254271
254318
254364
254427
254457
254463
254522
254584
254617
254664
254677
254720
254779
254836
254851
254864
254882
254926
254954
254970
254980
254995
255090
255093
255174
255191
255231
255268
255319
255377
255393
255404
255432
255441
255443
255446
255455
255468
255580
255594
255720
255750
255789
255799
255827
255899
255926
255928
255974
256016
256064
256070
256089
256238
256274
256278
256288
256325
256379
256442
256445
256473
256482
256498
256504
256517
256520
256524
256562
256578
256657
256662
256701
256707
256741
256757
256790
256869
256879
256900
256903
256924
256935
257017
257058
257065
257092
257105
257239
257266
257303
257326
257362
257373
257514
257541
257542
257594
257607
257637
257707
257711
257762
257800
257805
257809
257849
257897
257906
257910
257913
257929
257951
257958
258097
258107
258116
258147
258158
258162
258257
258267
258283
258370
258432
258453
258459
258501
258629
258673
258687
258724
258757
258783
258793
258816
258840
258886
258887
259042
259057
259077
259152
259155
259159
259187
259194
259206
259217
259291
259300
259312
259317
259331
259420
259429
259491
259504
259515
259539
259573
259618
259625
259665
259668
259767
259793
259812
259838
259852
259915
259926
259939
259944
259987
260000
260003
260020
260043
260076
260126
260171
260227
260252
260300
260350
260365
260373
260377
260387
260395
260413
260501
260529
260532
260549
260551
260557
260560
260566
260601
260605
260689
260715
260766
260774
260793
260822
260846
260853
260860
260879
260941
260974
260999
261009
261012
261017
261097
261099
261141
261180
261185
261186
261215
261261
261283
261286
261302
261310
261345
261444
261473
261519
261542
261561
261573
261624
261643
261653
261672
261686
261762
261781
261785
261792
261838
261898
261912
261962
261983
261998
262059
262101
262103
262112
262123
262124
262125
262229
262230
262252
262261
262263
262283
262291
262309
262311
262346
262365
262369
262394
262433
262442
262461
262477
262513
262578
262605
262655
262757
262783
262790
262809
262834
262850
262885
262921
262991
263041
263090
263155
263174
263175
263191
263205
263259
263316
263320
263422
263474
263509
263571
263619
263651
263680
263772
263774
263798
263814
263833
263838
263971
264011
264021
264028
264035
264047
264059
264101
264146
264165
264221
264238
264273
264281
264293
264312
264329
264331
264341
264361
264419
264474
264478
264483
264500
264510
264568
264673
264690
264703
264720
264743
264747
264788
264797
264848
264857
264920
264930
264986
264990
265018
265045
265059
265096
265105
265151
265180
265197
265209
265332
265434
265442
265455
265466
265571
265601
265656
265680
265699
265748
265770
265780
265830
265841
265874
265881
265922
265933
265949
265967
265982
265996
266021
266060
266133
266148
266190
266240
266359
266363
266364
266378
266430
266466
266498
266507
266510
266531
266537
266558
266560
266571
266589
266619
266624
266641
266725
266752
266824
266858
266892
266918
266946
266955
266965
266997
267039
267051
267102
267104
267107
267129
267149
267232
267263
267311
267369
267412
267459
267490
267542
267570
267588
267626
267635
267651
267679
267735
267748
267754
267785
267813
267850
267862
267917
267924
267928
267957
268020
268083
268095
268188
268197
268201
268207
268237
268279
268302
268352
268371
268428
268485
268526
268551
268565
268575
268620
268667
268769
268880
269014
269019
269128
269160
269188
269322
269354
269387
269395
269413
269425
269595
269616
269625
269652
269691
269714
269743
269782
269786
269793
269808
269837
269847
269853
269885
269951
270009
270013
270037
270057
270094
270107
270239
270240
270255
270277
270316
270320
270333
270341
270346
270366
270397
270409
270449
270480
270492
270495
270603
270642
270652
270755
270795
270824
270852
270889
270915
270944
270962
270965
271023
271192
271251
271302
271331
271400
271428
271434
271534
271558
271578
271583
271591
271604
271611
271619
271675
271721
271726
271737
271804
271863
271864
271884
271942
271943
272005
272071
272092
272098
272167
272185
272195
272204
272213
272234
272255
272256
272258
272275
272329
272342
272355
272372
272517
272545
272587
272599
272601
272704
272726
272796
272841
272845
272855
272871
272901
272906
272949
272952
272968
272971
273047
273057
273169
273187
273203
273216
273221
273234
273255
273300
273354
273420
273446
273546
273548
273554
273568
273593
273700
273705
273717
273721
273725
273745
273806
273832
273859
273895
273903
273918
273947
273959
274004
274023
274040
274114
274142
274157
274165
274170
274304
274317
274367
274387
274404
274408
274431
274470
274557
274570
274595
274597
274609
274672
274676
274768
274825
274877
274910
274913
274915
274917
274930
274963
274997
275008
275051
275089
275119
275186
275217
275250
275274
275278
275314
275321
275377
275420
275441
275444
275487
275524
275568
275641
275662
275719
275748
275753
275813
275833
275870
275910
275923
275931
276002
276031
276045
276088
276117
276128
276139
276140
276174
276286
276326
276335
276364
276366
276438
276446
276461
276479
276520
276603
276609
276679
276862
276926
276947
276983
277010
277032
277058
277079
277094
277137
277142
277163
277167
277260
277335
277372
277529
277569
277572
277609
277642
277652
277702
277731
277752
277764
277813
277819
277846
277979
277982
278000
278001
278033
278104
278110
278148
278314
278327
278350
278385
278454
278625
278630
278632
278635
278646
278761
278784
278821
278838
278842
278921
278941
278943
278948
278955
278963
278973
279035
279037
279074
279100
279133
279164
279171
279212
279225
279260
279267
279268
279282
279348
279460
279475
279546
279563
279607
279640
279705
279796
279811
279833
279899
279944
279968
279999
280037
280161
280216
280233
280234
280246
280253
280300
280362
280415
280430
280433
280452
280479
280488
280491
280521
280555
280569
280582
280668
280692
280701
280727
280741
280760
280821
280920
280967
280972
280987
281018
281052
281060
281070
281077
281078
281119
281139
281149
281163
281171
281193
281210
281219
281403
281407
281481
281492
281616
281619
281646
281649
281663
281705
281737
281746
281756
281801
281816
281832
281856
281883
281923
281929
281938
281964
282018
282021
282026
282038
282044
282083
282105
282152
282158
282172
282198
282202
282221
282301
282323
282424
282497
282536
282544
282566
282595
282609
282731
282734
282746
282798
282870
282904
282921
282943
282945
282987
283002
283011
283027
283108
283112
283138
283176
283193
283200
283216
283255
283300
283356
283365
283370
283410
283413
283428
283446
283447
283452
283477
283498
283541
283552
283590
283606
283614
283630
283647
283734
283750
283797
283807
283812
283865
283906
283950
283956
283976
283979
283998
284065
284104
284110
284114
284166
284191
284198
284217
284236
284240
284259
284272
284360
284412
284456
284463
284481
284602
284637
284652
284773
284777
284823
284858
284975
285004
285031
285095
285111
285141
285155
285197
285203
285229
285237
285239
285380
285388
285405
285411
285422
285445
285460
285489
285514
285515
285530
285559
285570
285674
285678
285843
285861
285880
285935
285955
285957
285960
285968
286038
286072
286160
286207
286249
286271
286279
286317
286347
286363
286365
286395
286412
286442
286459
286473
286552
286564
286616
286651
286656
286672
286736
286750
286776
286809
286823
286882
286965
287028
287083
287144
287256
287263
287352
287408
287489
287494
287510
287558
287576
287673
287685
287716
287723
287767
287888
287907
287936
287943
287955
287994
288002
288014
288081
288094
288108
288134
288135
288147
288197
288266
288318
288343
288393
288437
288454
288492
288500
288577
288591
288604
288642
288648
288674
288690
288797
288841
288851
288892
288894
288908
288915
288973
289051
289101
289254
289259
289285
289319
289352
289359
289372
289394
289401
289403
289408
289414
289434
289465
289482
289564
289599
289629
289634
289692
289754
289769
289863
289939
289958
290017
290026
290077
290106
290131
290165
290177
290182
290183
290191
290208
290325
290327
290347
290362
290492
290498
290503
290522
290525
290564
290579
290595
290640
290644
290673
290704
290719
290802
290867
290882
290975
290983
291045
291187
291303
291395
291406
291477
291540
291554
291568
291577
291596
291626
291628
291660
291693
291702
291720
291733
291819
291931
292055
292099
292122
292125
292147
292151
292182
292229
292318
292327
292430
292454
292463
292466
292489
292504
292510
292594
292616
292650
292686
292689
292726
292741
292752
292814
292844
292863
292868
292901
292993
293041
293087
293122
293146
293227
293267
293301
293310
293337
293342
293352
293390
293397
293409
293412
293472
293497
293504
293547
293627
293631
293658
293665
293688
293696
293725
293738
293749
293752
293760
293869
293882
293913
293981
294032
294064
294098
294170
294233
294269
294304
294462
294605
294653
294734
294834
294857
294912
295019
295042
295049
295056
295079
295116
295147
295183
295249
295271
295307
295313
295347
295363
295365
295411
295424
295430
295451
295452
295463
295501
295507
295508
295511
295543
295571
295604
295618
295633
295664
295793
295831
295845
295934
295987
296006
296045
296064
296076
296118
296147
296158
296183
296189
296207
296233
296247
296287
296390
296394
296440
296506
296529
296531
296589
296592
296630
296667
296676
296677
296737
296824
296833
296889
296892
296907
296926
297042
297080
297142
297163
297184
297185
297209
297237
297270
297285
297429
297505
297538
297540
297558
297626
297658
297677
297786
297808
297820
297883
297946
297960
298059
298093
298153
298276
298282
298291
298336
298370
298372
298386
298392
298413
298421
298448
298495
298497
298560
298763
298776
298788
298792
298872
298875
298900
299042
299107
299142
299168
299196
299270
299353
299446
299487
299497
299500
299522
299546
299577
299587
299589
299642
299646
299647
299653
299672
299683
299715
299755
299793
299830
299862
299889
299941
299946
299958
300001
300042
300108
300142
300143
300212
300277
300307
300397
300425
300467
300496
300502
300509
300618
300636
300653
300675
300727
300799
300808
300842
300855
300885
300939
300946
300990
300991
301008
301010
301021
301119
301167
301168
301188
301309
301327
301395
301408
301455
301461
301492
301500
301555
301608
301728
301737
301772
301783
301793
301814
301819
301841
301860
301866
301901
301945
301973
302000
302070
302071
302122
302180
302189
302210
302276
302286
302389
302392
302400
302406
302408
302410
302544
302712
302716
302776
302807
302836
302846
302861
302891
302893
302897
302931
303005
303043
303070
303103
303105
303168
303254
303260
303271
303299
303327
303424
303462
303467
303506
303598
303628
303666
303674
303740
303782
303872
303873
303901
303910
303933
303940
303975
303984
303986
304006
304037
304045
304060
304092
304096
304290
304378
304383
304458
304466
304508
304511
304538
304572
304652
304655
304755
304822
304839
304840
304871
304880
304911
304941
304959
304963
304970
305030
305043
305079
305083
305120
305121
305134
305140
305146
305152
305257
305265
305300
305311
305329
305372
305402
305410
305475
305483
305508
305598
305638
305643
305685
305766
305884
305885
305886
305928
305937
305980
305983
306005
306063
306097
306152
306181
306220
306239
306247
306250
306277
306315
306333
306344
306430
306482
306505
306516
306555
306565
306570
306650
306656
306669
306707
306717
306720
306767
306768
306774
306780
306784
306819
306835
306854
306860
306864
306885
306896
306943
307019
307021
307026
307030
307036
307050
307055
307150
307206
307246
307276
307279
307331
307356
307358
307385
307427
307435
307596
307655
307698
307701
307752
307773
307798
307818
307841
307894
307897
307937
307994
308006
308014
308023
308038
308049
308105
308110
308133
308185
308187
308190
308195
308252
308297
308307
308353
308363
308371
308385
308410
308419
308422
308544
308563
308564
308570
308619
308633
308652
308730
308732
308797
308802
308869
308928
308981
309016
309024
309026
309042
309052
309074
309086
309132
309169
309206
309236
309259
309314
309332
309360
309399
309412
309450
309470
309643
309697
309714
309750
309784
309806
309833
309837
309850
309907
309948
309957
309995
309999
310034
310070
310074
310083
310154
310177
310178
310247
310265
310266
310278
310318
310336
310354
310412
310414
310501
310526
310549
310552
310576
310600
310618
310666
310742
310752
310757
310810
310856
310863
310997
311011
311055
311080
311165
311419
311490
311511
311550
311558
311638
311662
311676
311679
311685
311760
311835
311841
311899
311907
311939
311966
311989
312008
312011
312028
312054
312060
312072
312077
312085
312177
312182
312187
312234
312292
312340
312468
312497
312501
312507
312512
312541
312555
312612
312619
312653
312662
312666
312704
312726
312729
312742
312799
312801
312820
312826
312839
312876
312947
312999
313007
313021
313029
313031
313034
313075
313091
313129
313137
313174
313202
313233
313237
313257
313260
313265
313276
313283
313286
313366
313377
313381
313447
313455
313476
313484
313557
313571
313672
313687
313690
313701
313751
313808
313867
313880
313883
313896
313929
313954
313972
313979
313988
314010
314094
314169
314194
314278
314384
314388
314401
314408
314409
314411
314430
314513
314532
314665
314675
314695
314763
314765
314788
314802
314848
314855
314948
314954
314977
315026
315033
315041
315093
315101
315234
315265
315288
315306
315367
315436
315443
315556
315657
315665
315681
315683
315717
315741
315767
315804
315810
315847
315887
315894
315904
315913
315952
315990
316009
316089
316112
316119
316127
316158
316159
316176
316198
316209
316276
316281
316300
316343
316369
316382
316385
316422
316472
316554
316592
316597
316635
316681
316694
316729
316733
316757
316761
316928
316942
316959
316976
316977
316980
317040
317058
317080
317111
317121
317150
317238
317281
317295
317298
317328
317342
317355
317400
317461
317470
317511
317528
317533
317537
317574
317580
317619
317634
317662
317677
317736
317760
317772
317781
317820
317845
317928
317959
317972
317989
318006
318011
318021
318045
318074
318090
318092
318144
318168
318215
318220
318266
318269
318291
318320
318331
318404
318411
318432
318456
318514
318557
318578
318591
318632
318709
318788
318838
318880
318883
318918
318963
318992
319011
319028
319064
319098
319105
319214
319229
319244
319251
319268
319282
319322
319327
319409
319421
319428
319438
319505
319532
319583
319594
319642
319687
319700
319708
319741
319802
319828
319833
319840
319843
319845
319847
319960
320014
320171
320250
320300
320304
320315
320329
320372
320424
320456
320476
320504
320521
320579
320666
320671
320674
320680
320702
320714
320720
320731
320742
320752
320815
320820
320842
320881
320958
320983
321063
321071
321219
321220
321245
321302
321306
321323
321329
321344
321416
321417
321428
321445
321446
321455
321522
321534
321588
321677
321693
321739
321768
321789
321808
321831
321880
321921
321924
322012
322025
322078
322101
322149
322283
322288
322296
322297
322304
322380
322456
322487
322530
322626
322759
322764
322781
322792
322833
322847
322872
322893
322897
322975
322996
323020
323051
323084
323098
323117
323128
323223
323263
323351
323431
323463
323557
323561
323600
323706
323728
323759
323768
323854
323915
323942
323952
323953
323975
324018
324099
324220
324221
324252
324256
324410
324437
324470
324507
324555
324584
324596
324602
324614
324782
324801
324851
324878
324922
324924
324935
324963
324988
324992
324993
325001
325028
325095
325149
325184
325193
325201
325239
325259
325285
325332
325384
325385
325430
325444
325455
325488
325526
325550
325579
325581
325619
325649
325664
325697
325710
325713
325737
325762
325789
325887
325893
325902
325920
325988
326010
326035
326081
326148
326174
326190
326211
326225
326229
326239
326282
326292
326294
326299
326329
326353
326370
326404
326467
326577
326592
326605
326648
326658
326741
326755
326758
326761
326768
326817
326855
326918
326933
326973
326990
327021
327119
327141
327153
327187
327189
327304
327323
327332
327344
327393
327404
327406
327428
327485
327491
327498
327514
327531
327540
327588
327620
327647
327663
327675
327723
327842
327843
327853
327924
327989
328013
328050
328060
328094
328103
328121
328175
328223
328231
328235
328312
328344
328354
328424
328490
328558
328605
328648
328669
328719
328736
328755
328767
328783
328815
328818
328885
328910
328992
329045
329055
329061
329068
329069
329227
329235
329271
329345
329363
329384
329394
329398
329477
329488
329528
329542
329569
329621
329649
329674
329679
329693
329790
329889
329895
329920
329927
329978
330013
330019
330026
330029
330044
330047
330064
330069
330078
330112
330197
330206
330210
330215
330256
330273
330298
330369
330396
330424
330429
330443
330468
330493
330558
330574
330585
330595
330597
330613
330670
330676
330710
330738
330761
330764
330784
330822
330830
330831
330869
330893
330931
330935
330942
330950
330955
331011
331033
331063
331086
331088
331110
331115
331135
331172
331210
331279
331313
331321
331327
331355
331433
331482
331497
331509
331591
331633
331671
331674
331699
331736
331772
331782
331790
331794
331866
331936
331939
331950
331964
332009
332026
332068
332073
332097
332113
332117
332140
332153
332197
332199
332206
332262
332272
332283
332303
332336
332377
332386
332407
332543
332575
332587
332619
332646
332681
332701
332710
332718
332788
332789
332792
332872
332920
332940
332954
332961
333023
333029
333063
333097
333102
333114
333135
333159
333210
333227
333264
333270
333310
333327
333334
333364
333393
333479
333487
333510
333524
333546
333630
333675
333753
333767
333773
333804
333844
333885
333895
333902
334055
334077
334080
334112
334123
334127
334156
334164
334231
334241
334245
334254
334278
334304
334349
334414
334483
334506
334529
334555
334562
334587
334635
334671
334689
334756
334801
334808
334831
334846
334855
334880
334899
334921
334929
334932
334953
334963
334984
335005
335051
335145
335165
335241
335365
335397
335463
335486
335499
335506
335541
335575
335589
335656
335735
335737
335738
335746
335817
335820
335822
335898
335919
335965
335981
336099
336130
336135
336158
336160
336241
336272
336273
336277
336286
336296
336321
336330
336360
336470
336480
336549
336692
336698
336747
336773
336794
336800
336802
336806
336881
336895
336917
336972
336997
337032
337106
337114
337118
337122
337137
337215
337219
337222
337226
337251
337286
337410
337418
337444
337452
337472
337475
337494
337535
337635
337674
337686
337734
337751
337801
337803
337815
337829
337879
337906
337948
337960
338033
338035
338113
338114
338125
338179
338192
338210
338217
338235
338250
338264
338271
338323
338437
338445
338454
338474
338488
338504
338518
338558
338582
338597
338650
338696
338698
338719
338737
338739
338794
338800
338891
338977
339049
339075
339081
339086
339099
339112
339171
339235
339248
339273
339312
339334
339379
339431
339465
339502
339588
339589
339608
339634
339677
339682
339704
339797
339815
339950
339991
340040
340046
340056
340142
340157
340175
340189
340190
340204
340215
340286
340289
340343
340354
340384
340477
340495
340500
340530
340564
340605
340606
340610
340676
340730
340751
340758
340819
340843
340900
340919
340929
340950
340969
340976
341031
341104
341132
341138
341180
341190
341211
341218
341227
341241
341347
341357
341439
341446
341479
341495
341534
341575
341584
341661
341667
341676
341681
341731
341802
341809
341815
341836
341843
341864
341877
341907
341926
341944
341948
341953
341954
341970
341980
342050
342088
342092
342122
342144
342171
342212
342237
342272
342293
342313
342331
342362
342382
342395
342434
342439
342489
342490
342518
342592
342672
342673
342694
342700
342718
342733
342746
342775
342789
342807
342835
342860
342894
342917
342929
343030
343087
343094
343114
343179
343201
343238
343249
343264
343269
343297
343317
343331
343332
343364
343386
343422
343477
343542
343558
343593
343595
343597
343613
343652
343676
343697
343709
343794
343827
343832
343876
343884
343890
343921
343923
343926
343930
343952
343964
343997
344026
344101
344121
344142
344176
344221
344283
344295
344323
344345
344388
344412
344439
344486
344499
344516
344526
344534
344610
344619
344674
344787
344819
344821
344825
344854
344885
344914
344921
345005
345050
345062
345064
345093
345128
345154
345156
345208
345222
345242
345269
345312
345317
345489
345491
345492
345526
345530
345644
345664
345683
345715
345733
345735
345738
345845
345870
345874
345891
345911
345928
345947
345966
345988
346076
346089
346135
346144
346179
346184
346200
346226
346264
346428
346438
346483
346569
346637
346655
346665
346672
346688
346775
346786
346862
346866
346892
346910
346919
346938
346951
346971
347020
347062
347095
347097
347102
347136
347146
347165
347166
347190
347205
347227
347239
347311
347335
347343
347400
347403
347428
347432
347459
347474
347517
347538
347567
347612
347621
347626
347645
347660
347694
347696
347720
347849
347869
347903
347918
347920
347961
347967
348013
348046
348102
348121
348142
348174
348185
348210
348264
348274
348316
348366
348449
348590
348608
348616
348618
348657
348687
348692
348727
348739
348885
348910
348947
349001
349030
349047
349077
349108
349206
349239
349348
349376
349379
349411
349494
349562
349610
349659
349662
349740
349778
349797
349884
349915
349933
349968
349980
350049
350067
350115
350132
350133
350200
350201
350208
350211
350344
350364
350377
350404
350421
350478
350522
350545
350588
350601
350617
350661
350720
350722
350730
350806
350808
350817
350842
350944
350985
351008
351012
351035
351052
351070
351088
351113
351140
351159
351161
351163
351166
351267
351275
351296
351316
351340
351370
351435
351526
351550
351566
351605
351673
351701
351716
351744
351775
351816
351831
351882
351914
351971
351978
351997
352007
352031
352052
352060
352071
352087
352109
352147
352188
352210
352240
352315
352344
352349
352359
352374
352389
352400
352401
352425
352433
352463
352500
352539
352587
352618
352644
352657
352672
352686
352725
352755
352785
352883
352901
352911
352915
352936
352949
352959
352993
353008
353108
353113
353138
353140
353142
353163
353194
353225
353233
353244
353295
353305
353322
353331
353358
353360
353410
353418
353624
353682
353698
353728
353730
353756
353783
353849
353886
353889
353902
353923
353944
353946
353952
353973
353985
354105
354113
354136
354161
354203
354225
354257
354374
354381
354442
354455
354459
354466
354492
354507
354511
354512
354514
354532
354545
354556
354574
354603
354678
354693
354697
354709
354740
354824
354827
354862
354904
354912
354923
354959
354972
355018
355125
355128
355209
355252
355311
355324
355367
355392
355396
355462
355529
355562
355591
355638
355670
355671
355715
355722
355730
355739
355746
355767
355787
355817
355845
355856
355866
355870
355875
355928
355934
355938
355990
356034
356051
356057
356061
356080
356164
356169
356176
356199
356218
356250
356277
356291
356351
356377
356384
356405
356434
356441
356474
356496
356522
356538
356542
356554
356650
356651
356702
356706
356708
356712
356713
356763
356777
356780
356905
356919
356967
356969
356987
357055
357075
357085
357159
357160
357163
357167
357197
357232
357233
357259
357265
357315
357341
357414
357436
357447
357452
357473
357602
357645
357732
357750
357777
357788
357798
357804
357814
357837
357868
357998
358058
358079
358135
358155
358172
358201
358300
358341
358378
358478
358547
358614
358692
358704
358718
358726
358744
358754
358826
358842
358848
358863
358880
358890
358905
358913
358915
358976
358980
358982
358993
359032
359043
359045
359106
359116
359161
359206
359220
359239
359261
359343
359356
359395
359411
359423
359428
359434
359451
359476
359498
359533
359567
359575
359598
359795
359899
359952
359994
360019
360032
360055
360078
360111
360149
360195
360206
360237
360248
360280
360302
360361
360363
360366
360388
360430
360444
360455
360474
360522
360538
360607
360613
360614
360632
360663
360758
360761
360814
360815
360865
360874
360907
360944
360974
360992
361035
361063
361083
361111
361200
361204
361286
361307
361320
361355
361390
361426
361441
361452
361487
361509
361520
361542
361575
361605
361615
361640
361649
361660
361667
361668
361687
361690
361696
361721
361724
361725
361737
361763
361765
361776
361829
361836
361850
361858
361877
361880
361909
361938
361953
361988
361996
362043
362051
362056
362058
362073
362112
362117
362120
362135
362159
362200
362201
362216
362243
362257
362290
362298
362318
362370
362389
362394
362453
362479
362483
362535
362546
362624
362687
362701
362728
362739
362753
362792
362818
362824
362858
362871
362888
362933
363007
363020
363064
363083
363148
363162
363210
363294
363303
363309
363325
363330
363363
363483
363555
363585
363647
363662
363674
363697
363698
363750
363761
363763
363773
363798
363807
363879
363880
363931
363942
363969
363975
364028
364031
364043
364058
364075
364089
364095
364103
364125
364133
364147
364175
364246
364269
364282
364315
364319
364322
364360
364404
364427
364456
364514
364644
364701
364718
364727
364794
364803
364808
364823
364834
364845
364961
364966
365043
365084
365092
365122
365126
365159
365175
365179
365192
365252
365269
365356
365375
365386
365399
365488
365514
365554
365567
365580
365710
365741
365768
365822
365839
365862
365880
365890
365925
365939
365948
365999
366003
366004
366012
366017
366036
366061
366074
366076
366107
366115
366142
366238
366328
366348
366353
366457
366469
366473
366512
366535
366542
366550
366578
366597
366605
366609
366622
366672
366712
366720
366731
366808
366848
366899
366947
366962
367015
367029
367040
367079
367082
367100
367156
367179
367182
367222
367223
367246
367255
367258
367376
367382
367401
367587
367619
367672
367761
367770
367845
367891
367899
367901
367904
367911
367990
368042
368060
368067
368072
368130
368157
368165
368169
368170
368215
368260
368263
368266
368270
368275
368278
368332
368409
368419
368464
368583
368610
368633
368641
368815
368835
368848
368889
368921
368981
368991
368996
369008
369076
369102
369119
369153
369207
369256
369282
369366
369369
369377
369387
369411
369493
369502
369557
369582
369611
369621
369683
369685
369688
369692
369758
369823
369852
369914
369991
370000
370031
370063
370079
370113
370116
370151
370178
370193
370218
370227
370312
370331
370332
370340
370353
370354
370365
370375
370394
370423
370440
370505
370560
370601
370738
370741
370773
370819
370843
370919
370961
370962
370963
370970
371000
371049
371060
371124
371140
371146
371181
371227
371262
371342
371354
371362
371376
371384
371468
371504
371574
371685
371726
371738
371770
371771
371857
371878
371950
371952
372011
372042
372076
372086
372097
372239
372242
372249
372289
372307
372367
372418
372440
372460
372511
372534
372556
372558
372566
372574
372595
372612
372691
372693
372727
372738
372791
372810
372917
372964
372995
373022
373062
373067
373080
373195
373212
373294
373302
373312
373358
373385
373394
373421
373433
373460
373461
373487
373490
373517
373528
373541
373550
373554
373559
373563
373576
373587
373607
373610
373681
373725
373782
373828
373872
373877
373932
373940
373993
373994
374020
374053
374097
374129
374178
374226
374246
374252
374315
374337
374376
374403
374409
374519
374570
374595
374597
374615
374657
374720
374741
374774
374783
374812
374831
374862
374896
374923
374941
374990
