217
725
1148
1535
1625
1808
2423
3135
3331
3491
3546
4082
4933
6135
6168
7085
7170
7787
7995
8050
8078
8344
8936
9171
10349
10623
11406
11740
13837
14803
15062
15734
15743
15848
17305
17897
18692
20165
23760
24123
25007
25613
25699
28225
28266
28695
28793
29606
29746
30609
30927
32086
32346
33312
34174
34245
34663
35737
35780
36461
36811
37007
37563
37617
38371
39034
39462
39804
39949
40167
41261
41459
41741
42047
42545
43437
43598
44285
45068
45090
45855
46402
46977
47658
49700
50022
51533
51701
52333
53417
55107
55266
55555
55876
56139
56785
57109
57233
58289
59175
59507
59782
59941
60123
60829
61852
62386
64304
66075
67132
67774
68642
69372
69925
70116
70260
72533
72676
76022
76102
77000
80368
80400
80615
81945
83063
83162
84094
84292
86328
88311
89087
89408
92250
93123
93827
96172
96187
96854
96958
97590
98966
98980
99089
99895
100545
102715
105356
105461
105802
106315
106342
106943
108308
108407
109422
109656
111205
112264
112613
113872
114172
115548
116038
116396
117262
117847
117938
118914
119781
119883
120352
122445
122693
122720
122930
123089
126177
126231
127328
129779
129821
130615
131500
132037
133826
133832
135530
135750
137621
137623
137755
138460
138932
140767
140769
141097
141138
142487
142500
143261
143394
144331
144704
146353
146918
148080
149293
149301
149604
151108
151296
152040
152835
155985
156911
157862
157985
158505
158512
159426
162176
162716
163616
164256
165290
165581
166360
166511
166679
166974
167299
167922
167954
170104
170236
171048
171923
172612
173069
173519
173581
174630
174799
175542
176262
177979
178886
178962
180815
182825
184950
185754
186550
187234
187449
188372
189204
189874
190116
190348
190974
191796
192797
196578
197677
199288
199310
201730
202624
203561
203720
204087
204130
204247
204730
205153
205841
206424
208039
209487
209597
209799
210536
212805
213251
213614
213989
214242
214500
215179
216156
216427
217515
218720
219786
221356
222088
222248
224052
224240
224672
225044
225555
225793
225800
226747
226965
228307
228875
230000
230303
231249
231699
232565
234421
235139
235418
236685
236780
237448
238646
238830
240208
241734
242001
242076
242356
243409
244446
245053
245856
246019
248789
250269
251840
251967
252212
253241
256929
257022
257365
257452
258927
258962
259014
259144
259536
260215
262362
262499
263459
263517
265237
265367
265607
266245
268830
271317
271683
272176
272740
273007
273595
273952
274084
274576
274580
274721
274747
275173
275483
276141
276144
276560
276977
277018
277437
278409
278769
280031
280461
280496
280715
281732
282247
283339
284090
285256
285508
285652
286065
287497
289848
291538
292211
292714
293316
293716
293929
294384
294476
295023
295310
295800
295970
298306
298411
298518
299471
299911
300055
300641
301036
301655
302669
303761
305363
306306
307341
308533
310607
311603
312404
312410
312649
313916
315319
315342
318228
318236
319508
319545
319824
320373
321193
321577
321868
322984
325434
325786
327387
328177
329539
329719
330508
332307
333259
333648
333788
334351
336484
337752
340271
341116
342024
342414
342517
343245
343508
343515
343970
345865
346331
346464
346851
346907
347325
349043
349156
349465
349878
349899
351482
354115
354439
354639
354736
356421
356513
357713
359409
359414
359789
360446
361069
362072
362078
362612
362781
362881
363352
364737
364865
365263
365954
366112
369538
370017
370567
372292
373305
