174
316
335
336
374
412
474
589
610
677
703
709
733
765
790
812
863
887
903
957
1022
1264
1314
1483
1538
1553
1613
1641
1704
1712
1752
1754
1793
1859
2029
2246
2264
2418
2622
2678
2726
2807
2810
2812
2836
2844
2849
2854
2895
2976
3023
3034
3128
3268
3518
3706
3736
3752
3808
3815
3846
3865
4020
4025
4036
4129
4345
4371
4418
4453
4459
4512
4628
4656
4707
4769
4812
4941
4942
4950
5079
5229
5311
5371
5435
5493
5495
5534
5561
5591
5717
5869
6038
6098
6258
6294
6374
6377
6658
6661
6749
6764
6852
6859
6871
6910
7006
7059
7156
7288
7400
7407
7455
7471
7472
7541
7662
7752
7848
7896
8055
8251
8268
8321
8467
8476
8565
8579
8617
8647
8788
8849
8982
9080
9086
9162
9174
9239
9351
9414
9492
9508
9713
9801
9826
9852
9886
9892
9960
10072
10097
10117
10134
10205
10297
10411
10531
10608
10723
10783
10874
10916
10943
10961
11114
11192
11273
11304
11450
11463
11501
11886
11937
11976
12104
12174
12178
12428
12552
12619
12640
12767
12770
12846
12866
12871
12927
13042
13171
13312
13362
13435
13485
13531
13564
13641
13663
13761
13789
14038
14082
14235
14267
14467
14471
14500
14501
14681
14747
14765
14872
14897
14937
14950
15140
15177
15185
15225
15251
15316
15363
15454
15514
15516
15719
15725
15789
15865
15877
15903
15930
15950
15988
15992
16036
16065
16131
16149
16190
16242
16277
16345
16682
16728
16771
16994
17022
17070
17294
17355
17506
17562
17583
17603
17721
17757
17803
17953
17960
18005
18104
18238
18302
18315
18382
18447
18522
18570
18576
18612
18811
18880
18952
19000
19028
19036
19072
19237
19290
19303
19308
19310
19505
19868
19870
20018
20115
20194
20206
20232
20301
20344
20462
20579
20620
20737
20769
20899
20911
20973
21050
21117
21152
21172
21242
21287
21374
21378
21529
21541
21588
21612
21622
21689
21899
21927
21942
21996
22014
22020
22067
22083
22263
22275
22310
22385
22422
22452
22483
22545
22553
22561
22594
22665
22673
22701
22835
22941
23087
23122
23124
23137
23151
23228
23267
23277
23283
23523
23669
23675
23707
23772
23848
23860
23897
23914
23973
24108
24128
24222
24246
24295
24323
24341
24342
24501
24504
24726
24840
25023
25043
25108
25176
25183
25230
25387
25443
25474
25498
25527
25615
25623
25652
25701
25722
26000
26020
26150
26152
26182
26216
26301
26322
26348
26466
26484
26533
26722
26725
26735
26756
26773
26929
26970
27008
27041
27246
27393
27432
27435
27473
27547
27626
27710
27724
27794
27846
27959
27976
27993
28102
28194
28218
28255
28433
28526
28539
28581
28669
28802
28851
28867
28882
28928
28939
28977
28991
29013
29088
29109
29244
29303
29318
29399
29403
29504
29586
29643
29649
29694
29757
29794
29804
29923
29948
29951
30028
30104
30194
30260
30271
30336
30394
30452
30465
30487
30606
30713
30731
30745
30788
30807
30813
30904
30920
31089
31156
31170
31176
31209
31235
31279
31302
31353
31369
31479
31523
31647
31689
31690
31748
31783
31823
31857
31937
32038
32052
32056
32070
32087
32172
32315
32484
32524
32608
32627
32656
32745
32787
32798
33002
33111
33173
33354
33443
33482
33484
33498
33560
33654
33835
33852
33978
34047
34097
34317
34412
34422
34494
34496
34630
34670
34677
34846
34852
34867
34881
34958
34978
35067
35243
35299
35330
35397
35430
35721
35786
35806
35855
35863
35915
35922
35975
36047
36241
36431
36447
36472
36504
36568
36580
36660
36799
36819
36907
36958
37031
37064
37272
37327
37423
37477
37535
37855
37890
37950
38055
38139
38268
38279
38352
38432
38664
38679
38725
38878
38895
38945
38978
39060
39130
39176
39284
39307
39423
39455
39505
39531
39549
39866
39870
39938
39962
39989
40416
40503
40554
40650
40690
40871
40976
40995
41062
41084
41185
41295
41352
41416
41418
41481
41514
41525
41586
41696
41740
41745
41760
41798
41981
42112
42312
42378
42480
42583
42673
42676
42818
42972
43073
43132
43144
43213
43255
43324
43442
43449
43486
43519
43531
43538
43558
43566
43591
43622
43668
43723
43777
43888
43976
43979
44147
44266
44301
44334
44458
44662
44695
44743
44783
44834
44840
44881
45078
45097
45101
45221
45354
45539
45551
45712
45730
45754
45781
45806
45896
45946
45964
46004
46018
46045
46090
46206
46236
46270
46338
46608
46683
46706
46780
46816
46895
46942
46986
46998
47159
47174
47180
47182
47193
47267
47513
47553
47582
47611
47626
47708
47760
47817
47981
48111
48126
48135
48226
48415
48425
48447
48478
48482
48527
48586
48664
48705
48737
48751
48783
48815
48901
48944
49065
49089
49217
49228
49233
49536
49571
49624
49745
49866
49891
49896
50182
50256
50310
50344
50370
50437
50523
50544
50576
50863
50867
50877
50884
50957
50984
51071
51122
51199
51222
51238
51280
51315
51388
51469
51514
51534
51571
51666
51676
51710
51779
51897
52043
52052
52117
52159
52173
52238
52296
52316
52329
52432
52541
52604
52617
52693
52921
52935
53187
53239
53250
53296
53330
53397
53409
53444
53480
53532
53581
53623
53780
53781
53798
53801
53860
53872
53975
53980
54081
54093
54207
54254
54314
54326
54340
54368
54432
54507
54661
54677
54806
54815
54913
54919
55029
55180
55190
55204
55222
55253
55257
55297
55405
55471
55491
55528
55563
55609
55677
55729
55754
55766
55774
55975
55991
56181
56331
56393
56407
56482
56618
56742
56914
56919
56963
56969
57096
57162
57339
57514
57574
57641
57810
57821
57830
57867
57871
57900
57915
57927
57962
58196
58301
58312
58349
58384
58403
58480
58529
58541
58578
58594
58735
58869
58880
58894
58906
59093
59095
59112
59166
59189
59194
59284
59303
59411
59456
59531
59545
59557
59586
59642
59651
59737
59754
59783
59852
59853
59879
60036
60126
60252
60371
60388
60433
60576
60581
60664
60759
60883
61037
61047
61065
61219
61276
61298
61309
61314
61340
61358
61372
61390
61394
61452
61531
61555
61599
61688
61705
61730
61799
61927
61982
62016
62232
62342
62370
62377
62419
62488
62563
62629
62635
62669
62714
62770
62779
62835
62851
62862
62973
62979
63032
63038
63067
63287
63332
63532
63536
63540
63546
63574
63740
63814
63903
63983
64029
64256
64358
64411
64419
64442
64472
64482
64534
64606
64717
64751
64796
64844
64847
64869
64897
64928
65058
65181
65228
65284
65314
65349
65376
65402
65616
65623
65653
65660
65697
65745
65797
65826
65839
65844
65967
65991
66029
66070
66169
66222
66274
66411
66453
66599
66613
66693
66809
66850
66890
66970
67053
67058
67072
67173
67234
67259
67405
67441
67454
67481
67566
67581
67651
67656
67729
67743
67894
67896
67962
67967
68028
68091
68099
68224
68241
68381
68450
68481
68498
68534
68564
68650
68660
68675
68717
68728
68802
68932
69011
69112
69285
69350
69393
69395
69445
69520
69651
69791
69863
69873
69998
70127
70137
70284
70371
70505
70653
70686
70708
70804
70812
70827
70829
70867
70956
70976
71064
71077
71172
71255
71399
71422
71451
71456
71479
71487
71504
71549
71671
71721
72007
72063
72100
72112
72139
72337
72500
72588
72695
72710
72881
72973
72990
73015
73044
73130
73141
73260
73321
73471
73521
73530
73646
73767
73768
73792
73811
73834
73856
73905
74115
74191
74626
74738
74758
74828
74974
75224
75251
75323
75669
75782
75843
75885
75906
75959
75962
75987
76040
76088
76131
76151
76153
76200
76246
76248
76286
76682
76913
76968
77009
77241
77332
77348
77427
77585
77636
77653
77720
77768
77769
77842
77934
77936
77974
77976
78138
78342
78452
78506
78519
78604
78617
78757
78767
78861
78912
78986
79027
79029
79040
79193
79265
79308
79360
79420
79652
79945
80001
80003
80072
80207
80208
80297
80448
80450
80459
80477
80509
80517
80699
80726
80831
80917
80930
81013
81028
81225
81242
81327
81366
81520
81674
81996
82016
82040
82059
82126
82161
82170
82238
82490
82556
82764
82806
82830
82842
82857
82901
82956
83006
83015
83288
83323
83350
83360
83391
83435
83460
83507
83719
83931
83974
84075
84096
84113
84299
84340
84481
84529
84561
84723
84731
84823
84826
84905
84956
84961
84978
85108
85320
85487
85535
85660
85792
85839
85874
85889
86048
86141
86242
86345
86432
86522
86713
86852
86917
86926
86942
86964
87022
87090
87115
87267
87370
87593
87637
87819
87882
87979
88018
88034
88052
88067
88132
88133
88278
88326
88421
88490
88532
88611
88700
88795
88953
88973
89027
89090
89148
89236
89331
89356
89371
89386
89417
89760
89870
89984
89987
89989
90171
90204
90327
90518
90664
90807
90929
91077
91094
91106
91119
91346
91446
91463
91489
91553
91716
91751
91872
91949
91979
92050
92332
92351
92432
92483
92588
92936
92937
92966
93132
93169
93242
93283
93330
93439
93500
93532
93541
93677
93703
93787
93836
93862
93870
93931
94074
94143
94207
94209
94231
94295
94331
94341
94415
94432
94493
94507
94528
94557
94621
94628
94700
94800
94805
94863
94878
94917
94926
94964
94986
95057
95128
95218
95392
95404
95419
95457
95496
95744
95748
95794
95984
96001
96019
96031
96058
96066
96129
96161
96163
96208
96225
96297
96395
96446
96497
96523
96590
96712
96849
96888
96891
97006
97134
97163
97231
97319
97438
97470
97482
97542
97573
97582
97589
97593
97640
97659
97695
97727
98041
98180
98277
98361
98400
98510
98544
98566
98660
98802
98829
98858
98867
99128
99260
99470
99676
99723
99745
99930
99979
100014
100117
100190
100192
100218
100255
100256
100392
100466
100623
100658
100821
100869
100947
101001
101142
101273
101286
101313
101331
101346
101381
101432
101668
101688
101775
101792
101817
101918
101934
102015
102054
102057
102081
102189
102204
102263
102282
102301
102401
102443
102466
102497
102577
102657
102672
102677
102683
102913
102939
102984
103005
103036
103046
103092
103101
103169
103190
103286
103373
103422
103481
103533
103540
103653
103697
103726
103740
103839
103964
104009
104059
104180
104200
104307
104353
104508
104704
104792
104873
105070
105141
105149
105182
105229
105250
105253
105272
105579
105631
105718
105754
105867
105977
105986
106022
106052
106055
106108
106208
106245
106370
106381
106396
106422
106474
106487
106504
106588
106656
106706
106776
106791
106879
106965
107022
107057
107483
107534
107553
107596
107636
107714
107804
107841
107863
107869
107889
107962
107988
108033
108166
108347
108349
108437
108491
108499
108520
108586
108594
108784
108822
108957
108989
109071
109131
109181
109223
109351
109410
109484
109500
109547
109575
109591
109781
109789
109819
110012
110059
110061
110122
110225
110262
110304
110306
110384
110392
110487
110667
110672
110677
110715
110752
110787
110847
110967
111134
111138
111151
111160
111425
111477
111487
111604
111605
111937
111969
111988
112034
112055
112067
112266
112349
112612
112708
112740
112838
112975
112997
113043
113096
113140
113392
113466
113665
113676
113715
113723
113742
113878
113944
114038
114048
114105
114232
114242
114386
114463
114497
114500
114505
114666
114700
114713
114766
114778
114900
114971
115037
115114
115143
115155
115179
115226
115319
115407
115457
115563
115587
115591
115603
115644
115908
116066
116097
116123
116213
116290
116325
116399
116450
116520
116661
116805
116821
116901
117129
117213
117231
117393
117410
117449
117456
117485
117596
117710
117800
117998
118096
118141
118203
118392
118538
118569
118582
118599
118655
118942
119065
119110
119145
119147
119186
119268
119286
119313
119383
119472
119482
119567
119591
119685
119698
119746
119749
119831
119889
119926
119929
119942
119945
120004
120043
120116
120170
120256
120428
120449
120488
120540
120668
120697
120719
120728
120785
120840
120905
120935
120940
121054
121154
121320
121366
121400
121434
121436
121462
121470
121569
121599
121703
121726
121784
121883
121909
121925
122085
122097
122152
122214
122243
122271
122289
122327
122432
122611
122632
122684
122712
122738
122831
122880
122954
123053
123120
123125
123254
123278
123296
123300
123406
123417
123438
123465
123490
123491
123505
123515
123528
123596
123784
123806
123831
123895
124051
124082
124094
124101
124161
124294
124321
124404
124425
124459
124507
124587
124603
124854
124907
124910
124984
125106
125201
125277
125343
125345
125401
125467
125476
125535
125537
125556
125566
125577
125598
125636
125661
125774
125790
125807
125874
126045
126275
126311
126542
126732
126737
126767
126886
127071
127095
127141
127173
127180
127306
127420
127545
127582
127781
127821
128001
128071
128086
128196
128243
128358
128525
128587
128648
128662
128739
128747
128760
128837
128997
129155
129307
129466
129530
129540
129593
129782
129833
129836
129874
129880
129975
130089
130136
130363
130432
130433
130477
130496
130566
130661
130710
130773
130845
131090
131158
131239
131269
131598
131703
131716
131803
131972
132191
132378
132486
132646
132665
132674
132682
132770
132888
132980
133033
133139
133229
133302
133351
133517
133528
133529
133550
133584
133620
133808
133820
133915
133986
134026
134195
134199
134211
134215
134231
134278
134307
134355
134521
134605
134632
134725
134737
134865
134940
134997
135010
135028
135107
135234
135287
135301
135373
135397
135449
135489
135511
135520
135703
135743
135758
135982
136064
136202
136276
136343
136497
136672
136685
136716
136886
136973
136999
137034
137047
137078
137142
137242
137274
137543
137719
137735
137809
137858
137957
137988
138020
138098
138233
138268
138415
138416
138445
138455
138484
138600
138784
138822
138842
138946
138970
139064
139146
139233
139259
139267
139467
139577
139694
139715
139745
139770
139852
139853
139883
139943
139993
139999
140021
140170
140210
140249
140336
140341
140363
140369
140448
140452
140747
140776
140899
141094
141210
141263
141478
141501
141507
141603
141611
141627
141728
141777
141831
141920
141993
141997
142005
142207
142347
142417
142421
142438
142468
142593
142660
142663
142872
142876
142958
142976
142996
143123
143173
143240
143299
143317
143363
143398
143426
143441
143468
143492
143565
143586
143661
143678
143795
144002
144080
144147
144213
144369
144578
144583
144602
144670
144708
144709
144908
144909
144941
144981
145191
145219
145332
145397
145517
145613
145744
145801
145804
145863
145970
146007
146081
146116
146333
146418
146434
146442
146480
146548
146586
146599
146619
146632
146704
146738
146860
146960
146962
147028
147086
147170
147216
147372
147763
147963
148044
148083
148193
148268
148309
148344
148443
148511
148526
148653
148691
148756
148804
148915
148944
149237
149337
149486
149639
149739
149787
149855
149881
149906
150165
150321
150455
150495
150561
150569
150750
150774
150827
150895
150997
151122
151237
151441
151445
151478
151540
151579
151639
151748
151890
152014
152044
152051
152314
152318
152325
152386
152434
152683
152753
152768
152770
152773
152780
152785
152935
153053
153071
153105
153220
153241
153263
153284
153344
153351
153378
153399
153422
153474
153640
153796
153817
153875
153962
154049
154053
154072
154080
154120
154270
154334
154404
154483
154525
154567
154610
154668
154691
154701
154739
154773
154781
155033
155242
155274
155276
155415
155438
155454
155532
155694
155725
155739
155773
155803
155815
155875
155882
155943
155948
156149
156158
156160
156184
156222
156235
156245
156449
156536
156548
156581
156610
156639
156719
156758
156989
157037
157065
157083
157305
157342
157374
157514
157765
157858
157868
157927
158014
158023
158101
158236
158238
158270
158498
158523
158533
158534
158554
158558
158605
158634
158689
158691
158735
158773
158865
158973
159053
159070
159223
159292
159374
159386
159497
159518
159567
159609
159684
159720
159729
159818
159961
160013
160268
160303
160307
160311
160321
160376
160400
160542
160576
160635
160658
160708
160714
160755
160768
160778
160972
161038
161138
161220
161232
161257
161267
161383
161389
161440
161480
161624
161641
161854
161867
161913
162002
162012
162084
162181
162219
162355
162506
162508
162552
162596
162599
162687
162702
162808
162851
162871
163047
163178
163187
163210
163351
163370
163394
163409
163415
163419
163459
163464
163582
163624
163638
163652
163673
163719
163768
163839
163902
163959
164050
164060
164135
164226
164281
164318
164354
164385
164396
164441
164509
164532
164661
164803
164817
164866
164877
164878
164936
165043
165113
165147
165152
165233
165356
165417
165512
165528
165531
165563
165599
165608
165673
165677
165679
165961
166031
166143
166269
166299
166361
166375
166381
166398
166463
166624
166660
166728
166738
166828
166836
166848
166849
166920
167031
167207
167483
167511
167671
167839
167895
167984
167985
168049
168173
168201
168216
168239
168248
168254
168314
168372
168375
168610
168724
168725
168772
168848
168939
168984
169067
169101
169114
169165
169285
169350
169364
169382
169439
169543
169565
169651
169733
169752
169775
169778
169906
169969
169997
170120
170138
170229
170247
170351
170364
170461
170533
170608
170848
170921
170964
170976
170978
171135
171154
171299
171394
171407
171433
171501
171624
171636
171733
171802
171821
171853
171870
171975
172007
172035
172076
172139
172147
172162
172201
172292
172313
172330
172398
172417
172443
172483
172630
172643
172747
172854
172871
173177
173213
173245
173281
173282
173405
173497
173511
173629
173644
173694
173773
173795
173854
174002
174212
174277
174294
174369
174436
174496
174504
174642
174650
174854
174981
175020
175030
175074
175078
175155
175269
175298
175371
175423
175537
175593
175619
175640
175643
175659
175691
175718
175772
175850
175908
176015
176038
176211
176263
176283
176295
176382
176515
176588
176653
176677
176683
176689
176732
176762
176836
176852
176919
176932
177131
177179
177217
177349
177362
177384
177475
177499
177533
177585
177668
177711
177740
177814
177830
177998
178095
178136
178218
178273
178292
178298
178480
178604
178664
178677
178725
178787
178858
178861
178981
179058
179172
179205
179227
179364
179451
179628
179705
179932
180019
180024
180040
180098
180100
180127
180158
180164
180259
180276
180312
180338
180372
180378
180435
180470
180477
180478
180546
180589
180622
180653
180714
180761
180823
180827
180887
180969
180996
181043
181106
181126
181198
181261
181508
181674
181679
181895
181946
182031
182105
182175
182192
182223
182241
182303
182327
182427
182450
182461
182561
182631
182698
182807
182829
182882
182913
182957
182978
182988
182991
183005
183132
183255
183483
183547
183618
183649
183677
183805
183811
183844
183996
184045
184145
184235
184273
184298
184371
184375
184425
184442
184448
184558
184617
184678
184762
184880
185019
185024
185061
185070
185136
185152
185198
185231
185293
185467
185524
185618
185738
185788
185823
185835
185930
185945
185982
186281
186502
186524
186557
186606
186625
186685
186712
186725
186760
186819
186825
186894
186947
186960
187008
187022
187094
187207
187360
187377
187382
187406
187598
187619
187834
187845
187859
188009
188226
188250
188332
188457
188547
188550
188608
188733
188766
188769
188823
188880
188918
188973
188989
189027
189034
189042
189048
189190
189278
189284
189451
189540
189631
189748
189773
189806
189809
189878
189918
189946
190046
190103
190126
190214
190215
190256
190264
190277
190291
190307
190316
190343
190426
190480
190567
190774
190803
190841
191031
191040
191118
191184
191212
191262
191429
191514
191605
191673
191680
191735
191804
191876
191902
192003
192033
192119
192132
192133
192184
192412
192456
192488
192521
192564
192571
192586
192608
192618
192643
192682
192776
192823
192851
192902
192957
193039
193069
193089
193159
193165
193203
193441
193442
193480
193493
193526
193584
193687
193688
193698
193725
193770
193844
193845
194032
194157
194239
194306
194404
194434
194457
194470
194503
194518
194908
194976
195029
195103
195210
195241
195325
195464
195546
195633
195635
195666
195677
195688
195694
195708
195763
195803
195891
196050
196096
196131
196218
196490
196494
196609
196689
196744
196764
196796
196801
196840
196856
196918
196944
196946
197008
197118
197155
197305
197335
197434
197488
197639
197722
197724
197775
197845
197847
198006
198115
198162
198281
198289
198315
198451
198484
198517
198619
198950
199034
199075
199110
199112
199151
199161
199234
199259
199364
199372
199451
199514
199588
199597
199608
199617
199622
199634
199651
199652
199745
199816
199829
199831
199982
200030
200054
200201
200252
200255
200357
200417
200469
200491
200508
200720
200723
200773
200807
200839
200960
200966
200975
200993
201013
201052
201129
201172
201176
201226
201263
201301
201333
201420
201471
201679
201694
201732
201738
201751
201769
201906
201909
201963
202044
202050
202095
202100
202111
202235
202263
202314
202341
202445
202470
202508
202518
202571
202614
202687
202788
202855
202876
203006
203179
203223
203373
203385
203473
203529
203658
203735
203799
203803
203834
203865
203877
203896
203908
203966
204094
204112
204142
204207
204245
204325
204412
204455
204477
204606
204635
204677
204724
204833
204948
205051
205438
205544
205571
205587
205592
205895
205940
205957
205959
205960
206056
206059
206073
206270
206374
206458
206487
206577
206586
206632
206692
206898
206906
207075
207165
207233
207446
207448
207542
207547
207646
207800
207823
207951
208124
208221
208401
208404
208408
208441
208550
208572
208658
208762
208774
208779
208924
209012
209049
209051
209111
209119
209168
209169
209385
209574
209709
209740
209762
209768
210083
210105
210155
210165
210365
210425
210455
210487
210630
210646
210677
210683
210797
210819
210824
211004
211072
211138
211323
211359
211574
211687
211745
211848
211874
211958
212126
212127
212177
212285
212327
212394
212425
212443
212448
212478
212507
212517
212663
212692
212702
212791
212830
212869
212880
212941
212969
213051
213147
213184
213233
213294
213331
213425
213499
213510
213608
213649
213718
213878
213953
214080
214124
214144
214158
214186
214255
214267
214375
214413
214553
214560
214580
214674
214833
214903
214935
215008
215018
215075
215135
215231
215376
215395
215485
215497
215524
215591
215615
215705
216005
216064
216077
216086
216180
216271
216520
216539
216562
216812
216958
217000
217055
217144
217180
217186
217356
217393
217404
217442
217453
217583
217709
217863
217936
218185
218252
218272
218474
218560
218630
218692
218695
218716
218794
218858
218969
218996
219066
219090
219222
219265
219266
219342
219450
219587
219644
219707
219722
219723
219769
219777
219847
219900
219913
219956
220094
220210
220212
220238
220315
220318
220383
220431
220650
220672
220700
220778
220784
220801
220877
221012
221053
221103
221116
221330
221395
221482
221685
221702
221759
221777
221789
221820
221830
221945
221996
222035
222062
222093
222319
222425
222431
222445
222499
222735
222767
222770
222776
222818
222841
222873
222877
223031
223213
223274
223299
223303
223308
223313
223357
223519
223521
223680
223792
223793
223853
223890
224073
224197
224247
224295
224503
224664
224710
224754
224832
224895
224981
225002
225008
225151
225280
225378
225454
225468
225521
225573
225584
225641
225659
225701
225731
225765
225836
225851
225859
225871
225893
226084
226203
226427
226529
226532
226602
226612
226616
226620
226641
226654
226739
226814
226853
226869
226990
227001
227185
227194
227235
227241
227271
227311
227313
227350
227397
227484
227485
227504
227510
227513
227530
227567
227653
227678
227715
227780
227790
227865
227888
227978
228002
228025
228044
228091
228283
228313
228413
228535
228565
228659
228667
228753
228939
229205
229312
229462
229571
229635
229646
229654
229745
229843
229873
229898
229928
230009
230010
230096
230109
230169
230255
230259
230435
230456
230474
230484
230487
230562
230598
230660
230666
230669
230699
230801
230850
230919
230988
231025
231080
231116
231153
231186
231257
231303
231307
231385
231440
231537
231627
231677
231823
232015
232077
232082
232136
232177
232202
232239
232287
232307
232320
232350
232372
232388
232478
232540
232583
232668
232693
232724
232744
232759
232782
232902
232916
232948
232960
233005
233034
233115
233124
233276
233351
233539
233571
233719
234062
234070
234183
234192
234288
234303
234369
234372
234403
234420
234439
234566
234625
234662
234783
234848
234934
234976
235029
235178
235226
235252
235260
235288
235350
235469
235499
235580
235849
235860
235888
235908
236166
236169
236197
236230
236231
236271
236357
236422
236445
236485
236762
236966
237000
237027
237032
237197
237284
237456
237524
237547
237553
237582
237587
237650
237670
237690
237730
237747
237763
237918
238121
238228
238348
238591
238609
238636
238675
238713
238836
238910
238967
239138
239157
239236
239342
239407
239423
239478
239494
239502
239597
239649
239667
239682
239715
239774
240020
240076
240121
240391
240415
240428
240473
240532
240624
240639
240669
240710
240738
240786
240829
240930
241005
241099
241127
241153
241222
241249
241275
241312
241504
241624
241690
241769
241803
241822
241845
241873
241914
242003
242023
242029
242034
242145
242179
242214
242216
242261
242328
242360
242426
242491
242586
242605
242659
242704
242762
242773
242956
242975
243019
243080
243136
243162
243491
243493
243613
243648
243731
243786
243801
243879
244044
244049
244108
244155
244163
244195
244287
244366
244626
244717
244821
244869
244974
244993
245069
245080
245199
245202
245305
245429
245459
245522
245539
245543
245558
245600
245634
245646
245671
245715
245749
245858
245906
245959
246026
246057
246120
246155
246159
246197
246365
246375
246412
246508
246638
246649
246666
246676
246688
246724
246822
247063
247067
247104
247134
247237
247363
247438
247464
247539
247557
247581
247702
247954
248280
248318
248483
248751
248782
248811
248949
248955
249004
249107
249109
249158
249212
249275
249515
249554
249635
249673
249676
249718
249889
249948
250279
250297
250315
250337
250364
250578
250804
250863
250924
250953
250954
251031
251123
251200
251294
251300
251349
251362
251411
251427
251483
251570
251575
251796
251836
251926
252187
252312
252333
252379
252443
252549
252661
252684
252770
253107
253242
253266
253278
253356
253437
253473
253544
253576
253584
253660
254124
254138
254343
254356
254444
254460
254461
254518
254705
254722
254831
254833
254859
255055
255169
255176
255282
255376
255406
255512
255560
255566
255621
255640
255644
255646
255897
255923
255990
256164
256330
256399
256438
256443
256469
256527
256635
256735
256837
256880
256939
257039
257045
257082
257104
257177
257188
257220
257231
257236
257256
257262
257316
257422
257558
257574
257634
257677
257702
257829
257854
257933
258123
258145
258482
258495
258604
258630
258701
258803
258821
258908
258920
258921
259153
259161
259348
259375
259489
259502
259577
259616
259726
259761
259856
259859
259894
259948
259991
260029
260087
260093
260226
260290
260403
260452
260520
260588
260591
260652
260699
260754
260792
260800
260918
260921
260936
261253
261270
261390
261391
261443
261488
261515
261583
261646
262009
262153
262163
262222
262247
262379
262480
262566
262654
262711
262976
263010
263147
263213
263342
263432
263466
263549
263565
263670
263735
263754
263980
264076
264135
264394
264483
264559
264575
264586
264708
264714
264733
264815
264992
265196
265223
265474
265535
265595
265687
265696
265702
265751
265775
265822
265834
265875
265927
266033
266239
266300
266379
266472
266488
266499
266580
266605
266606
266646
266700
266714
266799
266835
267040
267061
267125
267129
267145
267215
267323
267338
267355
267381
267431
267436
267478
267527
267529
267532
267541
267545
267621
267673
267753
267934
267950
267975
268139
268334
268378
268400
268516
268546
268582
268632
268682
268765
268766
268860
268915
268972
269003
269033
269073
269100
269124
269130
269134
269187
269207
269229
269245
269266
269325
269350
269357
269361
269419
269451
269466
269469
269487
269647
269709
269787
269827
269868
269940
269992
269998
270153
270308
270403
270415
270419
270446
270456
270458
270459
270488
270548
270616
270676
270728
270960
271098
271187
271276
271284
271315
271321
271327
271343
271358
271362
271363
271402
271467
271527
271649
271700
271705
271817
272395
272474
272536
272563
272565
272819
272884
272903
272956
272982
273000
273206
273294
273307
273369
273400
273424
273482
273508
273652
273744
273802
273818
273836
273847
273890
273968
274113
274145
274266
274270
274406
274444
274661
274665
274690
274737
274744
274801
274835
274853
274866
275077
275124
275145
275242
275249
275266
275301
275364
275459
275485
275496
275623
275664
275745
275956
275976
276029
276065
276089
276105
276162
276182
276204
276227
276234
276258
276283
276322
276331
276424
276490
276637
276800
276890
277033
277193
277321
277388
277407
277441
277446
277450
277520
277624
277872
277905
277973
278044
278052
278067
278137
278164
278229
278272
278387
278468
278518
278657
278762
278827
279043
279276
279379
279430
279459
279460
279532
279582
279679
279681
279747
279772
279808
280036
280041
280154
280276
280346
280352
280513
280542
280587
280589
280593
280660
280661
280677
280708
280769
280811
280906
280953
280970
281014
281184
281378
281486
281787
281971
282134
282256
282347
282479
282531
282537
282659
282842
282883
283156
283273
283437
283444
283587
283603
283616
283647
283694
283710
283745
283768
283784
283814
283840
283850
283905
283999
284112
284117
284268
284318
284417
284558
284876
284969
285018
285116
285131
285154
285204
285372
285490
285521
285553
285586
285630
285720
285726
285747
285834
285837
285867
285878
285881
286025
286271
286297
286337
286358
286387
286416
286508
286529
286534
286646
286685
286841
286873
286980
287047
287218
287255
287263
287270
287310
287385
287510
287545
287598
287634
287666
287858
287868
287930
287933
288053
288102
288133
288190
288232
288271
288404
288434
288451
288524
288565
288592
288655
288660
288672
288911
288948
288964
289067
289200
289227
289268
289284
289333
289352
289354
289362
289448
289451
289533
289542
289625
289638
289718
289743
289796
290037
290073
290107
290133
290164
290314
290367
290413
290423
290508
290581
290591
290670
290771
290781
290798
290801
290804
290865
290888
290896
290936
291007
291072
291096
291188
291253
291261
291465
291488
291539
291654
291723
291732
291791
291825
291918
291961
292038
292042
292078
292119
292134
292225
292233
292585
292706
292788
292839
292873
292875
292984
292986
292990
293059
293064
293081
293212
293217
293317
293418
293437
293478
293789
293953
294021
294066
294200
294254
294318
294363
294433
294509
294520
294538
294621
295012
295108
295157
295235
295307
295319
295506
295578
295653
295773
295825
295903
295996
296072
296145
296187
296235
296251
296408
296430
296483
296543
296695
296764
296826
296896
296948
296957
296972
297016
297057
297058
297141
297243
297334
297389
297872
297905
298089
298487
298520
298585
298633
298669
298704
298706
298770
299026
299034
299053
299054
299063
299126
299213
299216
299227
299265
299408
299413
299452
299514
299739
299786
299996
300109
300231
300271
300323
300495
300515
300560
300620
300726
300970
300996
301014
301023
301033
301047
301053
301115
301119
301126
301129
301142
301192
301299
301508
301555
301562
301620
301673
301695
301736
301754
301773
301922
301931
301956
302011
302111
302274
302317
302508
302516
302522
302560
302677
302679
302703
302757
302764
302772
302928
302977
303032
303044
303189
303250
303466
303474
303484
303557
303865
303882
303984
304066
304077
304095
304151
304160
304167
304283
304287
304319
304393
304419
304424
304439
304445
304523
304546
304589
304639
304663
304693
304698
304722
304774
304952
304956
305179
305220
305264
305399
305591
305677
305738
305785
305818
305961
305994
306086
306253
306281
306335
306364
306452
306469
306546
306625
306725
306751
306792
306800
306829
306959
306977
307002
307023
307089
307151
307226
307273
307286
307358
307532
307546
307550
307580
307596
307706
307750
307791
307809
307897
307913
307950
308133
308214
308228
308443
308489
308676
308694
308794
308818
308879
308928
309011
309015
309069
309078
309426
309506
309620
309692
309775
309779
309791
309901
309949
310005
310046
310272
310320
310370
310415
310496
310515
310571
310651
310683
310693
310731
310787
310877
310954
311052
311068
311182
311196
311206
311255
311424
311426
311492
311533
311693
311702
311738
311794
311855
311860
311911
311918
312020
312160
312255
312269
312310
312503
312506
312575
312631
312635
312701
312955
312981
313000
313141
313287
313435
313460
313488
313501
313634
313676
313731
313750
313863
313895
313993
313998
314138
314254
314407
314471
314657
314710
314734
314757
314913
314922
315010
315023
315128
315237
315254
315276
315293
315491
315512
315532
315611
315650
315702
315948
315952
316064
316128
316208
316224
316354
316397
316462
316469
316789
316809
316864
316870
316916
316947
316998
317001
317018
317047
317067
317230
317248
317250
317252
317643
317648
317709
317764
317815
317955
318047
318071
318135
318448
318476
318566
318673
318760
318783
318821
319044
319111
319205
319221
319234
319246
319401
319438
319448
319455
319459
319487
319561
319614
319654
319665
319678
319788
319866
319879
319904
319921
320023
320136
320151
320228
320234
320246
320350
320353
320376
320427
320505
320523
320546
320580
320670
320676
320715
320765
320775
320780
320827
320832
320936
321057
321089
321118
321234
321248
321372
321413
321418
321447
321736
321860
321938
321939
321941
322085
322090
322327
322486
322585
322699
322863
322886
322965
323029
323034
323105
323111
323163
323409
323438
323562
323573
323612
323679
323712
323726
323788
323801
323804
323947
324072
324131
324167
324172
324415
324469
324484
324510
324561
324603
324721
324734
324914
325006
325044
325053
325131
325200
325216
325238
325266
325278
325374
325378
325554
325650
325691
325846
325948
326057
326091
326106
326233
326313
326359
326399
326630
326800
326965
326991
327113
327160
327195
327359
327372
327489
327494
327533
327535
327636
327684
327762
327793
327810
327912
327951
327973
328032
328117
328146
328157
328221
328251
328364
328415
328441
328635
328656
328901
329004
329023
329206
329228
329270
329366
329370
329406
329437
329478
329785
329928
330049
330138
330143
330303
330406
330420
330487
330543
330818
330881
330962
330986
330989
330999
331014
331022
331155
331204
331211
331275
331394
331472
331820
331991
332105
332261
332337
332392
332492
332496
332566
332687
332725
332767
332846
332869
332934
332966
333147
333201
333215
333385
333427
333555
333777
333789
333826
333830
333837
334002
334163
334330
334337
334616
334644
334701
334739
334741
334843
334872
334917
334985
335066
335225
335374
335499
335607
335664
335875
336101
336164
336203
336327
336472
336673
336702
336709
336942
337084
337239
337261
337264
337306
337345
337359
337383
337501
337611
337623
337757
337885
337911
337915
337949
337985
338020
338021
338074
338081
338090
338120
338122
338124
338185
338247
338248
338253
338324
338372
338465
338563
338620
338686
338708
338751
338816
338839
338857
338927
338947
338974
339020
339140
339145
339317
339330
339418
339485
339615
339700
339856
339869
339871
339884
339889
339929
340029
340053
340065
340089
340140
340217
340330
340332
340536
340539
340575
340588
340607
340630
340724
340725
340745
340794
340830
340885
340954
340967
340987
341016
341061
341099
341158
341162
341225
341274
341314
341436
341487
341525
341795
342053
342058
342096
342214
342295
342299
342328
342477
342581
342687
342744
342885
342887
342960
343034
343054
343102
343109
343266
343287
343458
343582
343633
343723
343981
344061
344217
344227
344258
344320
344388
344411
344422
344432
344440
344613
344636
344647
344662
344665
344734
344815
344854
344920
345023
345025
345099
345144
345282
345441
345509
345648
345649
345650
345668
345696
345716
345722
345733
345739
345921
345973
346022
346091
346365
346380
346439
346448
346471
346500
346524
346547
346583
346614
346638
346756
346842
346872
346887
346891
346914
347321
347341
347472
347572
347647
347699
347855
347921
347940
348084
348252
348291
348447
348780
348806
348824
348839
348841
348994
349097
349132
349177
349402
349456
349530
349574
349644
349685
349748
349751
349851
349857
349975
349993
350110
350191
350243
350558
350694
350717
350912
350920
351039
351044
351129
351269
351449
351655
351752
351846
351859
351860
351986
352297
352339
352353
352393
352546
352635
352648
352704
352740
353133
353205
353212
353229
353259
353479
353543
353576
353871
353970
353997
354022
354134
354261
354335
354573
354612
354625
354677
354880
355082
355267
355335
355364
355412
355423
355427
355551
355642
355669
355674
355793
355941
355967
355971
355996
356142
356189
356214
356271
356286
356300
356333
356414
356460
356467
356556
356900
356941
356974
357039
357097
357246
357276
357281
357347
357353
357409
357423
357431
357445
357475
357488
357522
357538
357545
357642
357687
357740
357812
357850
357864
357876
357895
357975
358008
358028
358048
358103
358127
358129
358131
358144
358179
358270
358307
358335
358429
358572
358676
358827
358869
358957
359129
359135
359243
359296
359371
359402
359499
359541
359577
359720
359795
359875
359939
359947
360089
360110
360309
360483
360496
360564
360576
360592
360731
360744
360798
360864
360866
360962
361098
361183
361247
361258
361282
361316
361406
361465
361617
361622
361706
361780
361861
361990
362046
362086
362087
362092
362181
362197
362377
362451
362468
362476
362484
362611
362789
362794
362840
362891
362995
363084
363211
363218
363233
363308
363336
363362
363386
363548
363725
363848
363981
364017
364044
364094
364137
364476
364565
364639
364911
364988
365128
365148
365153
365255
365334
365512
365558
365589
365718
365750
365801
365854
365888
365935
365941
365949
365953
365992
366224
366252
366256
366343
366406
366429
366508
366625
366769
366907
366972
366979
367007
367094
367135
367158
367161
367208
367216
367312
367317
367319
367391
367424
367515
367557
367642
367661
367680
367813
367868
367880
367922
367973
367977
367978
367985
368059
368066
368071
368245
368469
368490
368496
368546
368574
368599
368630
368672
368723
368724
368726
368825
368861
368889
369059
369063
369123
369138
369188
369216
369366
369439
369477
369501
369681
369770
369781
369828
369875
369894
369937
370137
370175
370359
370398
370435
370598
370636
370669
370743
370748
370754
370834
370842
371022
371052
371102
371178
371228
371258
371358
371432
371433
371629
371643
371652
371726
371783
371963
371991
372030
372032
372046
372071
372122
372207
372237
372449
372481
372506
372579
372650
372697
372755
372910
372957
373014
373058
373101
373164
373180
373233
373277
373296
373297
373417
373446
373498
373529
373679
373741
373823
373875
373935
374289
374450
374478
374606
374618
374628
374716
374833
374944
374959
