1531
6627
10386
16509
16722
17499
23545
31316
36100
37842
42541
44427
45449
51304
56645
56683
58420
60558
65886
74654
78661
80651
95653
102113
109190
109285
112162
113665
114705
115615
116210
121305
123682
124034
124761
128747
139211
141757
142485
148156
151820
152128
152284
153259
154621
155194
158185
159823
159896
161481
163145
165679
169725
175089
175475
176736
177782
177871
178101
182167
183502
184087
185579
186882
186974
187619
188180
193859
195338
196801
198114
201796
202387
204699
205830
213159
213269
217917
218226
219182
224035
224575
224741
227349
229926
229961
233183
240721
244730
244783
245218
247700
248130
249298
249523
253232
256707
259217
261180
263657
267129
271051
273148
275363
287595
292188
292205
300375
301555
308160
311979
316601
317996
323234
330613
332117
333376
337960
344854
348539
350385
351914
354319
355042
360400
361615
362933
364334
364608
368270
370823
371516
374774
