868
1440
1483
1538
1712
2726
2812
2990
3279
3331
3736
3808
5802
6658
7255
7288
7995
8000
8050
8055
8467
8647
8697
8849
8936
9414
9682
9931
10391
10564
10773
10916
12026
13312
13564
14082
14235
14295
14306
14612
14681
14765
15177
15185
15363
15454
15848
15877
16994
17168
17562
17610
17953
18527
18612
18811
19056
19097
19135
19198
19546
19565
19747
19978
20344
21152
22083
22385
23675
24315
24321
24341
24598
25474
25527
25699
25726
26735
27794
28194
28433
28553
28695
28793
28851
29230
29318
29403
29804
29948
30329
31034
31209
31443
31783
31846
31937
33629
34978
35748
35855
35975
36047
36162
36164
37113
37272
37477
37535
37855
38268
38614
39831
39935
40167
40554
41349
41459
41981
42047
42541
42617
43068
43519
43538
43622
43676
44783
44907
45354
46090
46706
46977
47174
47392
47434
48005
48152
48482
48664
48904
49187
50310
51013
51199
51514
51515
51534
52117
52130
52159
53185
53250
53294
53330
53623
53677
53860
54093
54292
54432
54815
54919
55029
55257
55555
55991
56885
57171
57902
58541
58894
59175
59228
59411
59456
59642
59651
59782
59879
60126
60433
60581
60829
60883
61298
61582
61799
62667
62939
63814
64442
64897
65014
65844
65967
66002
66274
66745
67053
67288
67441
67566
67777
68236
68241
69112
69395
69565
70708
70745
70829
71255
71399
71451
72100
72139
72151
73739
73802
73834
74115
74191
74194
74204
75251
75906
76200
76248
77337
77768
77769
77887
78138
78767
78912
79265
79275
79420
80368
80400
80459
81210
81242
82842
84481
84529
84723
84826
84978
85024
85320
85535
85889
86242
86345
86834
87090
87593
87637
87780
88133
89087
89339
89367
89382
89863
89870
89906
91267
92050
92602
93703
93787
93827
93870
94493
94751
95169
95218
95420
95744
95748
96066
96225
96888
98530
98544
98566
98858
99089
99134
99676
99824
99895
100392
100466
100869
101775
102204
102282
102301
102677
102984
103005
103036
103046
103229
104009
105272
106022
106055
106370
107230
107714
107863
107869
108041
108407
109351
109781
109819
110012
110122
111160
111205
111425
111937
112067
112613
113079
113676
113679
113872
114200
114330
114766
114771
114807
115264
115407
116805
117151
117262
117449
117596
118492
118819
118914
119110
119780
119831
119945
120088
120327
120428
120785
121020
121156
121320
121569
122230
122243
122327
122511
122720
123296
123406
123465
123490
123515
123784
124466
124587
124984
125201
125774
126311
127258
127306
128358
128481
128525
128760
129637
130060
130363
130403
130496
130710
131356
131500
131893
132037
132593
133033
133139
133374
133517
133528
133620
133820
134026
134355
134997
135520
135559
135743
136000
137078
137242
137621
137749
137880
138600
139064
139146
140210
140341
140747
141097
141138
141263
141831
141997
142490
143317
143492
144369
144670
145151
145219
145286
145804
146117
146960
147216
147372
147566
147883
147963
148044
148080
148083
148443
148653
149486
150662
150997
151108
151397
151445
151723
152081
152137
152472
153351
153782
153962
154120
154668
155242
155334
155803
155882
155985
156184
156911
156989
157105
157305
157342
157517
157544
157985
158270
158558
158735
160321
160400
160972
161361
161480
162084
162596
162702
162851
162871
163394
163959
164226
165152
166269
166299
166398
166660
166738
167299
168173
168724
169067
169165
169364
169439
169602
169651
169775
169990
169997
170120
170236
170921
171114
171154
171257
172076
172747
173281
173405
173407
173505
173511
173644
173795
174277
174630
175020
175709
176028
176211
176732
176919
177349
177475
177900
177905
177998
178664
178787
178886
180312
180478
180823
181043
181106
181282
181485
181571
181674
182327
182655
182747
182825
183005
183398
183805
184356
184762
185600
185941
186565
187234
188598
188993
189048
189204
189278
189483
189540
189918
190277
190480
190640
190841
191262
191335
191474
191514
191673
191735
192376
192608
192776
192851
192957
193369
193442
193480
193493
193688
193995
194306
194470
195103
195546
195608
195634
195635
195932
196619
197008
197305
198006
198162
198451
199161
199259
199310
199588
199608
200508
200720
201013
201172
201176
201333
201420
202050
202139
202235
202508
202518
202788
203364
203473
203710
203799
203864
204130
204142
204592
204677
204724
204730
204833
205837
205895
205940
205957
206056
206458
206906
207075
208137
208404
208408
208774
208902
209479
209554
211574
212773
212869
213051
213331
213608
214080
214095
214144
215008
215395
215837
216092
216785
217936
218521
218630
218720
218911
219266
219488
219707
219723
219956
220136
221702
221723
221759
222088
222721
222776
223222
223775
224073
224575
224832
224981
225044
225641
225731
226314
226753
226814
226830
227311
227522
227715
228078
228091
228209
228659
229654
229873
230474
230646
230699
232287
232403
232565
232759
232776
232916
233000
233005
233034
233306
233351
233735
233990
234403
234439
234625
234934
235580
235965
237650
237663
239138
239465
239555
239667
240829
241046
241504
241769
241905
241914
242034
242179
242216
242586
242605
242762
242858
243080
243363
243786
244948
245328
246010
246057
246822
247067
247612
248085
248676
248751
249004
249298
249718
250269
250279
250297
250315
250337
250365
251466
251840
251979
251993
253576
254366
254833
254941
255282
255990
256164
257039
257262
257316
257422
257950
258145
258701
258803
258908
259375
259534
259536
259859
259991
260290
260520
261230
262080
262222
262247
262379
262499
262644
262869
263147
263253
263517
263549
263670
263913
265696
266472
266499
266714
266835
267145
267153
268139
268558
268586
268698
268972
269100
269134
269229
269314
269419
269469
269940
270153
270456
270728
271546
271705
272565
272884
273007
273618
273952
273968
274084
274266
274270
274497
274690
274853
275249
275483
276065
276144
276234
277018
277033
277321
277437
277872
278114
278137
278974
279043
279277
279459
279576
279772
279997
280019
280346
280587
280953
281732
282315
283437
283603
284558
284969
285116
285154
285256
285508
285596
285652
286337
286764
287666
288133
288451
288660
288950
289240
289448
289925
290423
290459
290781
290801
291673
291732
292839
294207
294254
295578
295825
295952
296365
296408
296469
296483
296665
297058
297476
297872
299413
300241
300620
300641
300854
301036
301115
301129
301142
302011
302317
302335
302764
303189
303257
304393
304449
304523
304546
304614
304722
304956
305399
305591
305677
305712
306086
306562
306625
306800
307023
307140
307535
308214
309015
309901
310046
310693
311029
311058
311068
311076
311118
311182
311911
312410
312446
312589
312780
313000
313435
313731
313895
314138
314479
315276
315293
316015
316208
316224
316526
316682
317018
317067
317252
318135
318180
318228
318478
319044
319111
319401
319602
319643
319678
319788
320228
320383
320670
321248
321868
321938
323034
323679
323703
323801
324415
324914
325556
325786
325846
327169
327372
327684
327810
327973
328847
329023
329206
329719
330097
330143
330986
331022
331155
332261
332392
332492
332725
332904
332966
333413
333427
333555
333648
333789
333967
334188
334337
334985
335877
336101
337261
337885
337985
338231
338356
338563
338708
338839
339485
339615
339889
340140
340400
340539
340967
341158
341162
341314
342096
342214
343981
344151
344613
344636
345660
345934
346331
346638
346669
346872
346907
347049
347921
347940
348084
348537
349039
349097
349132
349856
350110
350717
350811
350912
351613
351655
351846
351860
352161
352546
353034
353205
354096
354134
354624
355267
355971
356214
356333
356882
356974
357431
357445
358205
358335
358572
358676
358957
359296
359402
360731
361316
362087
362881
363233
363319
363386
364188
364233
364639
364667
364785
364911
365148
365954
367007
367158
367317
367515
368443
368723
369059
369138
369439
369828
370017
370175
370398
370598
370636
370748
371022
371178
372046
372368
372748
373168
373823
374628
374944
