22
34
119
163
217
285
427
432
797
813
856
868
959
1005
1041
1112
1440
1499
1531
1556
1598
1676
1725
1732
1737
1798
1802
1805
1808
1838
1889
2076
2085
2256
2275
2295
2326
2330
2423
2463
2598
2646
2695
2783
3260
3331
3405
3586
3639
3696
3779
3875
3889
3993
4082
4140
4272
4484
4529
4544
4652
4727
4766
4773
4822
5011
5389
5497
5499
5535
5573
5666
5768
5827
5914
6054
6117
6135
6150
6168
6192
6352
6418
6505
6632
6689
7024
7066
7102
7170
7363
7687
7728
7851
8000
8050
8078
8106
8155
8217
8308
8344
8435
8600
8697
9171
9494
9499
9622
9625
9709
9788
9873
9922
10023
10025
10048
10098
10178
10229
10274
10391
10508
10564
10623
10736
10773
10817
10866
10896
11029
11091
11333
11344
11443
11469
11557
11636
11721
11836
11838
11868
11897
11956
11963
11991
12175
12188
12257
12407
12540
12562
12576
12913
12937
13123
13193
13237
13359
13583
13586
13600
13670
13737
13781
13791
13794
13837
13916
13939
14047
14100
14306
14344
14407
14566
14612
14661
14750
14803
15047
15062
15068
15272
15386
15388
15453
15560
15648
15718
15740
15848
15941
16009
16084
16148
16172
16417
16486
16503
16581
16585
16863
16921
16926
16945
17090
17105
17168
17218
17268
17279
17305
17331
17438
17610
17615
17684
17867
17897
18376
18385
18448
18469
18527
18692
18718
18759
18785
18868
18959
18996
19056
19060
19097
19129
19135
19417
19451
19452
19546
19747
19751
20001
20013
20060
20165
20179
20539
20680
20831
20888
20919
20974
21096
21193
21245
21519
21602
21659
21787
21826
21989
22159
22466
22675
22697
22745
22989
23067
23075
23117
23209
23242
23275
23308
23319
23644
23677
23856
24336
24511
24543
24630
24892
25007
25101
25307
25458
25501
25559
25613
25699
25726
25956
26095
26194
26244
26282
26291
26311
26317
26364
26384
26560
26729
26795
26848
26890
26975
27096
27176
27370
27386
27396
27662
27728
27944
27994
28006
28203
28225
28265
28266
28343
28398
28471
28793
28804
28919
28929
28979
28983
29010
29283
29340
29606
29673
29738
29746
30040
30101
30143
30158
30265
30286
30329
30392
30525
30740
30760
30877
30927
30993
31034
31177
31228
31423
31571
31615
31698
31703
31764
31770
31808
31846
31887
31993
32011
32069
32086
32370
32626
32776
32831
32928
33026
33168
33206
33312
33398
33511
33611
33618
33639
33641
33705
33815
33879
33959
34174
34225
34275
34279
34544
34566
34644
34663
34691
34717
34934
34954
35154
35201
35311
35351
35486
35502
35626
35735
35745
35748
35788
35789
36033
36123
36231
36238
36377
36451
36458
36461
36527
36554
36621
36681
36800
36811
36838
36912
37011
37083
37090
37136
37563
37617
37757
38039
38051
38229
38257
38322
38371
38394
38415
38496
38520
38720
38732
38791
38796
39104
39178
39437
39458
39462
39584
39740
39804
39841
39888
39949
40167
40198
40328
40331
40404
40467
40531
40558
40628
40786
40886
40933
40965
40979
41189
41261
41346
41444
41454
41518
41610
41719
41741
41789
41978
41997
42030
42047
42188
42269
42299
42305
42393
42545
42565
42573
42587
42705
42894
42971
43036
43270
43300
43321
43333
43452
43588
43665
43676
43696
43786
43844
43946
43949
44043
44136
44223
44249
44309
44404
44427
44503
44517
44562
44666
44683
44732
44772
44907
45068
45090
45171
45385
45421
45499
45526
45647
45699
45794
45798
45804
45810
45835
45951
46140
46244
46257
46385
46402
46416
46462
46641
46711
46712
46839
46935
46957
46966
47091
47097
47158
47411
47434
47732
47914
47947
48050
48072
48265
48419
48434
48443
48470
48728
48907
48963
48973
48990
48995
49023
49073
49139
49187
49411
49479
49497
49643
49683
49685
49766
49852
49922
49951
49953
50096
50117
50159
50288
50293
50294
50349
50434
50610
50615
50693
50794
50818
50854
50978
51013
51031
51109
51120
51145
51172
51269
51425
51459
51582
51610
51683
51714
52019
52051
52063
52094
52121
52607
52768
52821
53096
53150
53173
53185
53249
53308
53417
53677
53687
53916
54048
54063
54135
54184
54262
54292
54530
54667
54934
55042
55064
55098
55262
55298
55433
55555
55629
55790
55853
55959
55993
56066
56120
56192
56356
56418
56538
56585
56612
56651
56662
56712
56763
56837
56885
57004
57107
57131
57491
57613
57707
57775
57828
57934
57954
57956
57979
57995
58013
58077
58218
58286
58289
58459
58472
58523
58714
58818
58851
59048
59131
59175
59193
59228
59623
59703
59760
59782
59814
59848
59941
60136
60142
60256
60285
60309
60373
60473
60562
60708
60972
61002
61185
61200
61281
61319
61497
61508
61522
61557
61601
61618
61759
61852
61922
61940
61967
62041
62257
62276
62326
62364
62386
62502
62568
62667
62701
62821
62880
62939
63069
63071
63423
63587
63681
63744
63781
64075
64245
64304
64515
64532
64687
64780
64819
64860
64882
65014
65428
65525
65548
65705
65784
65825
65842
65883
66002
66027
66075
66155
66265
66513
66606
66664
66718
66769
66781
66799
66956
67044
67177
67373
67381
67396
67583
67777
67891
67945
67952
67961
68070
68131
68163
68182
68236
68386
68454
68461
68670
68978
69067
69123
69134
69351
69418
69473
69544
69565
69949
69965
69986
70098
70125
70133
70281
70463
70540
70566
70643
70678
70720
70822
70839
70903
71155
71453
71543
71765
71839
71867
71912
71949
71968
72151
72256
72645
72658
72799
72903
73078
73108
73133
73250
73253
73443
73459
73514
73543
73595
73600
73693
73739
73742
73744
73802
73864
73896
74088
74194
74204
74272
74347
74506
74590
74609
74697
75014
75229
75449
75601
75614
75719
75780
75899
76021
76048
76138
76194
76522
76535
76587
76609
76665
76736
76897
77000
77072
77215
77462
77478
77494
77675
77788
77887
78082
78093
78172
78177
78190
78292
78317
78420
78464
78543
78560
78620
78651
78671
78910
78938
79104
79188
79275
79291
79440
79444
79637
79641
79679
79780
79829
79900
79918
79975
79985
80060
80368
80400
80531
80625
80684
80706
80735
80742
80862
80935
81029
81203
81210
81473
81658
81700
81742
81827
81859
81911
81927
82176
82207
82270
82460
82600
82762
82805
82814
82880
83062
83063
83082
83244
83329
83332
83893
83918
84004
84060
84094
84192
84605
84630
84636
84912
85024
85103
85304
85438
85491
85515
85780
86040
86096
86121
86171
86209
86328
86378
86385
86389
86647
86755
86771
86789
86823
86834
86905
86921
87245
87323
87443
87513
87548
87735
87806
87836
87922
88011
88089
88110
88154
88217
88460
88466
88608
89035
89083
89104
89135
89147
89254
89339
89662
89695
89863
89864
89952
90276
90409
90454
90475
90508
90980
91035
91097
91246
91267
91496
91626
91770
91779
91936
92009
92328
92479
92602
92793
93123
93207
93292
93307
93563
93679
93712
93827
93844
94396
94733
94751
94757
94782
94899
95122
95377
95446
95455
95533
95788
95884
95972
96295
96365
96423
96586
96670
96774
96787
96818
96886
96996
97023
97104
97417
97481
97569
97584
97785
97902
98038
98275
98290
98504
98530
98958
98980
99181
99229
99269
99542
99591
99751
99885
99942
100286
100313
100452
100545
100609
100742
100756
100776
100931
100998
101073
101160
101300
101544
101846
101887
102183
102249
102284
102400
102655
102682
102724
102840
102904
103026
103039
103083
103390
103559
103617
103672
103713
103881
103882
104040
104049
104057
104213
104384
104507
104509
104564
104611
104634
104689
104694
104744
105364
105461
105637
105691
105909
105928
106018
106065
106117
106119
106274
106315
106342
106695
106735
106852
106871
106977
107090
107121
107258
107401
107724
107793
107808
107862
108030
108092
108216
108286
108293
108302
108340
108483
108493
108535
108645
108719
108919
109088
109413
109656
109751
109786
109794
109922
109936
110034
110234
110249
110274
110287
110314
110588
110698
110776
111221
111310
111348
111456
111650
111661
111745
111794
111842
111990
112075
112098
112167
112236
112251
112260
112517
112679
112822
112895
113046
113143
113190
113289
113305
113325
113418
113615
113665
113798
113904
114033
114062
114144
114150
114172
114251
114292
114489
114551
114771
114807
114923
114992
115264
115276
115290
115354
115575
115709
115790
115841
115846
115885
116007
116038
116053
116087
116153
116229
116279
116351
116396
116473
116521
116543
116560
116573
116759
116773
116950
116955
117046
117071
117152
117166
117262
117307
117535
117536
117715
117814
117818
117847
117887
117929
117936
117938
118235
118270
118279
118325
118448
118452
118467
118943
118973
119112
119170
119210
119326
119401
119413
119435
119597
119731
119780
119781
119883
119970
120094
120152
120229
120352
120405
120456
120493
120557
120614
120760
120874
120952
120965
121015
121020
121156
121333
121359
121399
121494
121561
121750
121776
121825
121884
121941
122213
122230
122431
122583
122693
122720
122775
122785
122925
122930
123089
123127
123201
123224
123338
123518
123543
123622
123766
123934
124025
124042
124100
124165
124386
124417
124466
124747
124754
124822
124876
124955
124995
125045
125049
125096
125114
125224
125230
125256
125297
125411
125588
125642
125650
125700
125745
125827
126083
126098
126177
126221
126231
126392
126399
126458
126472
126658
126699
126831
126848
127193
127258
127328
127377
127435
127518
127547
127644
127703
127722
128006
128099
128378
128518
128582
128657
128684
128744
128848
128851
129016
129099
129266
129279
129344
129521
129555
129766
129779
129821
129985
130041
130060
130229
130305
130403
130446
130487
130558
130697
130866
131037
131092
131101
131111
131284
131302
131334
131511
131536
131567
131588
131593
131893
131930
132024
132114
132178
132180
132209
132277
132545
132575
132950
133310
133542
133645
133816
133827
133849
133850
133899
134113
134156
134158
134166
134218
134282
134360
134428
134679
134787
134835
134860
134882
135136
135165
135269
135411
135421
135559
135699
135750
135817
135855
135879
136000
136080
136136
136371
136397
136404
136447
136460
136507
136575
136647
136768
136781
136843
137126
137302
137358
137452
137477
137621
137626
137749
137793
137823
137852
137880
137911
137979
138089
138209
138265
138295
138303
138328
138357
138521
138534
138747
138801
138852
139253
139335
139336
139712
139720
139741
140013
140022
140207
140225
140275
140381
140547
140554
140581
140767
140769
140779
140876
140908
140941
140959
140984
141138
141327
141391
141678
141829
141972
142022
142176
142261
142379
142487
142500
142555
142621
142683
142770
142803
142866
142913
143111
143211
143261
143394
143667
143840
144265
144267
144302
144331
144349
144518
144651
144700
145000
145008
145149
145296
145388
145721
145797
145930
146119
146353
146410
146567
146570
146740
146788
146846
146922
147033
147085
147492
147566
147587
147589
147693
147713
147883
147904
147927
147968
148211
148624
148669
148857
148922
148985
148994
149295
149301
149338
149383
149408
149451
149456
149604
149814
149822
149872
149989
150206
150266
150439
150578
150662
150849
150865
150903
151108
151116
151126
151258
151292
151296
151397
151504
151567
151632
151651
151708
151726
151823
151877
152040
152081
152213
152291
152299
152392
152396
152472
152476
152525
152570
152606
152775
152858
153037
153225
153235
153727
153755
153781
153782
153835
154021
154113
154161
154306
154503
154564
154749
154907
154921
155017
155018
155086
155191
155193
155278
155321
155329
155334
155388
155408
155417
155429
155601
155666
155985
156005
156067
156082
156100
156120
156210
156256
156300
156398
156557
156617
156671
156782
156813
156830
157002
157129
157177
157185
157341
157517
157538
157544
157580
157581
157596
157659
157696
157816
157862
157909
158025
158258
158259
158412
158457
158459
158505
158512
158579
158603
158623
158664
158717
158843
158921
159112
159159
159224
159484
159495
159509
159549
159574
159734
159823
159831
159896
159989
160134
160316
160402
160455
160541
160711
160742
160744
160980
161092
161176
161263
161289
161361
161365
161369
161385
161482
161493
161663
161806
161846
161923
162116
162127
162142
162155
162176
162215
162376
162384
162400
162483
162561
162695
162703
162716
162784
162792
162834
162850
162870
163343
163487
163534
163616
163715
163842
164232
164243
164245
164256
164387
164403
164671
164802
164886
164991
165099
165196
165240
165273
165290
165446
165517
165581
165590
165606
165657
165668
165679
165761
165964
166037
166208
166317
166428
166635
166966
166974
166982
167042
167233
167270
167278
167299
167408
167636
167716
167922
167954
168000
168555
168628
168815
168925
168941
169183
169339
169519
169538
169686
169715
169725
169911
169966
170104
170171
170173
170323
170523
170557
170566
170736
170968
170984
170999
171048
171117
171273
171354
171443
171540
171579
171608
171738
171923
172119
172155
172188
172216
172256
172290
172406
172432
172448
172526
172535
172612
172637
172672
172674
172898
173014
173042
173093
173239
173291
173391
173407
173601
173615
173688
173811
173872
173875
173898
174324
174364
174398
174487
174519
174616
174630
174798
174923
174954
175185
175291
175455
175542
175660
175704
176028
176338
176633
176719
176776
176903
177078
177105
177129
177168
177300
177378
177432
177465
177507
177524
177630
177712
177778
177834
177873
177905
177979
178077
178204
178283
178419
178420
178539
178626
178675
178693
178708
178826
178962
179015
179142
179209
179243
179256
179342
179414
179505
179632
179665
179793
179844
179879
180427
180468
180548
180815
180976
180990
180992
181030
181061
181119
181199
181282
181356
181396
181475
181499
181619
181651
181758
181780
181871
181905
182228
182382
182467
182655
182736
182825
182826
183014
183122
183154
183163
183244
183285
183398
183500
183800
183932
183966
183982
184070
184159
184170
184418
184430
184538
184707
184730
184916
184950
184953
184994
185163
185317
185388
185394
185452
185694
185711
185755
185854
185927
186103
186284
186352
186394
186419
186565
186581
186600
186627
186768
186802
186815
186954
187006
187054
187075
187096
187113
187240
187283
187444
187449
187573
187596
187650
188097
188124
188140
188165
188217
188261
188372
188465
188486
188513
188598
188673
188708
188731
188732
188809
188891
188927
188993
189204
189413
189454
189671
189805
189874
189968
190095
190116
190119
190135
190246
190348
190563
190885
190972
191087
191292
191335
191474
191652
191871
192220
192266
192352
192376
192391
192408
192797
192808
192859
192862
192911
192920
193162
193164
193325
193369
193613
193785
193798
193865
193882
194206
194207
194271
194298
194327
194366
194442
194558
194641
194650
194651
194737
194919
194928
194965
195536
195547
195557
195674
195682
195738
196184
196341
196354
196450
196463
196471
196578
196619
196651
196676
196692
196984
197072
197132
197605
197647
197664
197677
198449
198572
198705
198922
199144
199193
199199
199288
199310
199365
199457
199488
199490
199495
199535
199758
199912
200112
200123
200456
200587
200745
200818
200885
201073
201105
201249
201345
201415
201481
201510
201524
201609
201625
202022
202089
202139
202161
202247
202618
202624
202874
203072
203085
203131
203364
203546
203617
203695
203710
203714
203792
203802
203864
203980
204076
204087
204113
204234
204345
204386
204438
204543
204560
204573
204602
204653
204730
204734
204756
204766
204817
204946
205112
205153
205240
205449
205450
205676
205714
205716
205810
205841
206002
206040
206044
206322
206387
206600
206899
206903
207003
207131
207190
207430
207503
207830
207940
207976
208039
208083
208095
208102
208137
208436
208454
208546
208691
208700
208902
208927
209038
209060
209138
209356
209417
209479
209487
209506
209531
209597
209624
209667
209776
209811
209835
209858
209868
210013
210028
210130
210489
210536
210543
210648
210807
210871
210965
211018
211023
211030
211032
211064
211174
211265
211314
211498
211646
211726
211771
212085
212151
212191
212357
212395
212432
212531
212773
212805
212948
213009
213132
213217
213251
213380
213403
213690
213712
213731
213817
213989
214058
214111
214174
214193
214200
214297
214408
214465
214467
214500
214510
214533
214813
214841
215235
215468
215526
215887
215963
216092
216427
216484
216538
216559
216560
216592
216742
216916
217016
217106
217173
217281
217295
217328
217379
217438
217509
217515
217551
217559
217592
217674
217766
217795
217855
217889
217899
218026
218072
218133
218244
218329
218428
218439
218521
218637
218639
218704
218720
218911
218936
218946
218951
219207
219427
219599
219609
219617
219786
219897
219934
220048
220136
220380
220424
220500
220645
220688
220878
221313
221328
221356
221459
221556
221567
221601
221611
221743
222009
222078
222123
222168
222194
222248
222286
222420
222466
222489
222550
222585
222933
222950
223011
223101
223108
223219
223322
223337
223570
223581
223648
223716
223772
223894
223902
223993
224240
224261
224522
224672
224673
224676
224716
224726
224776
224843
224846
224957
225025
225029
225067
225071
225121
225148
225203
225555
225653
225713
225725
225793
225800
225811
225876
225978
225986
226148
226314
226462
226480
226607
226609
226665
226721
226818
226830
226876
226898
227003
227279
227353
227365
227429
227488
227522
227691
227705
227746
228142
228163
228209
228297
228307
228350
228728
228787
229049
229297
229347
229413
229937
230000
230097
230217
230281
230303
230308
230434
230580
230656
230831
230898
230952
230964
231016
231095
231100
231253
231282
231330
231554
231699
231734
231772
231833
231842
232050
232093
232124
232140
232143
232265
232272
232347
232407
232482
232565
232575
232805
232824
233227
233306
233501
233504
233614
233642
233895
233990
234002
234157
234421
234453
234802
234868
234969
235088
235131
235139
235191
235259
235282
235375
235516
235603
235716
235965
235983
236250
236252
236423
236427
236470
236632
236685
236780
236904
237102
237116
237333
237378
237401
237544
237596
237663
237694
237711
237795
237809
237816
237867
238001
238047
238145
238196
238214
238218
238487
238607
238720
238732
238787
238804
238948
239072
239087
239296
239369
239402
239451
239842
239924
239951
240038
240126
240134
240208
240216
240218
240282
240291
240353
240394
240600
240750
240828
240869
240902
241037
241046
241118
241119
241150
241659
241693
241727
241734
241749
241905
241996
242022
242236
242446
242550
242654
242820
242858
242916
242937
242961
243128
243333
243340
243363
243409
243415
243477
243570
243685
243815
243982
244058
244065
244082
244173
244234
244377
244437
244465
244510
244565
244852
244967
245053
245218
245354
245550
245641
245686
245856
245872
245973
246326
246369
246488
246642
246776
246894
247018
247109
247112
247187
247205
247351
247396
247613
247957
248397
248437
248562
248676
248753
248789
248983
249031
249077
249092
249285
249435
249544
249547
249593
250136
250258
250269
250361
250688
250755
250764
251091
251334
251413
251466
251526
251676
251684
251696
251822
251840
251849
251967
251979
251993
252240
252249
252494
252599
252606
252608
252653
252777
252802
253054
253189
253207
253238
253241
253315
253664
253845
253858
253971
254227
254270
254317
254366
254404
254474
254499
254848
254892
254944
255217
255227
255241
255367
255403
255425
255516
255628
255671
255965
256076
256181
256361
256388
256508
256706
256716
257009
257013
257022
257154
257321
257452
257465
257706
257865
257916
258289
258325
258586
258649
258669
258729
258783
258801
258808
258833
258927
258955
258962
258981
259044
259134
259186
259240
259252
259261
259329
259534
259580
259591
259682
259905
259983
260165
260215
260318
260422
260425
260828
261018
261023
261212
261257
261269
261315
261384
261470
261546
261612
261648
261653
261891
261906
262214
262361
262362
262443
262499
262509
262626
262863
262869
262907
262993
263034
263056
263061
263105
263133
263270
263306
263318
263350
263459
263517
263610
263755
263757
263759
263791
263832
263913
263979
264003
264029
264442
264668
264767
264861
264896
264951
264968
265216
265237
265309
265330
265367
265484
265619
265650
265681
265854
265857
266196
266224
266245
266351
266579
266750
266989
267026
267129
267153
267188
267210
267232
267347
267451
267562
267637
267658
267661
267710
267761
267863
267905
267925
267926
268127
268323
268385
268412
268468
268547
268586
268767
268784
268826
268922
268923
269314
269372
269384
269980
269989
270086
270157
270188
270195
270391
270826
271035
271460
271488
271641
271683
271961
272205
272235
272396
272454
272686
272740
272796
272818
272938
272998
273007
273043
273090
273119
273189
273465
273590
273595
274058
274094
274176
274201
274487
274576
274696
274721
274747
274882
275019
275102
275123
275159
275440
275483
275626
275652
275663
275727
275904
275961
275989
276102
276135
276141
276144
276212
276399
276595
276597
276861
277013
277018
277046
277107
277218
277275
277547
277623
277626
277861
278057
278128
278404
278409
278487
278680
278717
278786
278974
279011
279060
279173
279277
279339
279374
279388
279431
279481
279576
279597
279882
279966
279997
280019
280031
280412
280441
280461
280527
280562
280594
280736
280744
280793
280862
280958
281116
281248
281313
281540
281550
281732
281930
281957
281992
282205
282247
282315
282559
282581
282754
282852
283123
283140
283195
283337
283339
283443
283471
283472
283527
283552
283588
283754
283794
283992
284090
284091
284118
284275
284389
284475
284550
284615
284805
285008
285015
285105
285294
285306
285338
285370
285483
285508
285640
285652
285767
285925
286002
286055
286065
286067
286116
286122
286127
286221
286502
286538
286581
286606
286716
286845
287017
287140
287141
287157
287442
287497
287608
287641
287799
287949
288018
288086
288235
288469
288585
288756
288773
288785
288886
288950
289196
289240
289301
289316
289377
289479
289656
289662
289791
289848
289851
289879
289885
289925
289931
290200
290246
290269
290313
290338
290459
290463
290822
290837
290849
290855
290892
290922
291356
291423
291446
291533
291538
291673
291727
291875
291890
291986
292169
292227
292300
292324
292574
292987
293119
293129
293149
293150
293401
293432
293448
293452
293463
293494
293661
293668
293701
293929
293930
294131
294148
294241
294284
294335
294476
294489
294575
294602
294627
294646
294649
294712
295023
295060
295090
295198
295234
295310
295441
295513
295555
295715
295934
295952
296134
296237
296298
296414
296456
296534
296588
296595
296626
296701
296713
296744
296810
296827
296922
296930
296942
297091
297095
297181
297190
297323
297359
297413
297485
297644
297868
297937
297982
298086
298097
298134
298198
298329
298490
298500
298518
298650
298849
298854
298866
298991
299014
299164
299233
299391
299471
299800
299867
299917
300165
300187
300241
300408
300588
300641
300668
300772
301036
301464
301555
301655
301660
301930
301986
302008
302074
302100
302335
302646
302669
302701
302715
302748
302860
303257
303275
303303
303314
303519
303594
303597
303823
303935
304046
304048
304223
304329
304382
304686
304797
304966
305074
305363
305462
305524
305538
305581
305617
305634
305712
305755
305824
305957
306050
306247
306288
306466
306562
306678
306759
306779
307161
307170
307257
307341
307535
307587
307613
307614
307739
307854
308057
308166
308370
308496
308533
308661
309031
309116
309248
309300
309308
309318
309357
309656
309675
309678
309749
309855
309952
309989
310030
310132
310180
310315
310379
310402
310457
310508
310607
310852
310903
310942
310976
311058
311070
311205
311341
311484
311527
311603
311755
311806
311934
311973
312075
312078
312120
312237
312275
312336
312446
312542
312589
312649
312673
312780
312834
312850
313032
313264
313475
313724
313772
313797
313916
313919
313941
313965
314076
314085
314089
314231
314235
314252
314367
314403
314592
314623
314683
314839
315088
315133
315178
315236
315245
315313
315342
315420
315432
315462
315513
315698
315715
315736
315738
315832
315851
315945
316008
316027
316044
316203
316360
316526
316556
316794
316853
316891
317118
317237
317603
317649
317651
317821
318073
318171
318228
318236
318401
318454
318478
318499
318529
318586
318637
318722
318756
318820
319046
319215
319379
319411
319477
319492
319508
319591
319593
319602
319643
319733
319835
319848
319867
319918
320131
320192
320311
320352
320373
320383
320543
320730
320845
321163
321340
321411
321478
321544
321577
321658
321674
321692
321722
321868
321934
321982
322017
322278
322287
322431
322553
322728
322793
322984
323264
323284
323295
323358
323492
323564
323657
323754
323776
323780
323828
324054
324097
324158
324493
324589
324672
324686
324704
324726
324809
324815
324979
325059
325157
325197
325360
325409
325498
325504
325556
325573
325641
325661
325724
325779
325786
325802
325808
325858
325881
325954
326055
326416
326858
326909
326940
326983
326985
327116
327129
327292
327364
327375
327387
327398
327560
327568
327818
327943
328074
328177
328216
328305
328306
328338
328506
328520
328610
328758
328882
328906
328958
329191
329251
329428
329433
329441
329539
329788
329990
330097
330174
330227
330279
330282
330404
330447
330752
330756
330820
331153
331205
331214
331228
331314
331325
331353
331707
331939
331944
332044
332050
332169
332263
332266
332307
332544
332886
332904
333175
333259
333282
333355
333408
333519
333646
333688
333813
333836
334009
334064
334107
334122
334145
334188
334277
334311
334613
334759
335037
335164
335544
335602
335747
335833
335843
335928
335977
336009
336115
336273
336278
336446
336484
336491
336570
336587
336735
336888
337005
337402
337563
337678
337752
337793
337819
337875
338063
338169
338183
338222
338231
338356
338376
338441
338504
338511
338564
338565
338848
339078
339170
339182
339357
339388
339416
339787
339900
340271
340292
340373
340388
340679
340702
340747
341038
341045
341089
341116
341201
341313
341687
341710
341935
341971
342048
342113
342144
342159
342296
342413
342414
342517
342526
342586
342605
342663
342740
342879
342940
342965
343009
343182
343215
343245
343346
343393
343403
343442
343508
343574
343597
343862
343864
343970
344151
344196
344269
344568
344771
344783
344834
344849
344875
344939
345021
345088
345302
345328
345555
345799
345822
345904
346043
346121
346147
346164
346171
346450
346464
346577
346619
346645
346669
346869
346904
347003
347004
347167
347179
347246
347325
347608
347937
347988
348203
348238
348363
348369
348507
348522
348531
348537
348577
348969
349043
349141
349156
349315
349399
349416
349465
349541
349587
349628
349834
349867
349898
349964
349989
350034
350093
350176
350208
350246
350261
350360
350475
350484
350990
351112
351165
351274
351309
351366
351411
351438
351482
351613
351746
351896
351967
351970
352027
352029
352124
352402
352632
352662
352683
352812
352842
353034
353052
353138
353307
353590
353619
353730
353736
353818
353947
354015
354046
354096
354201
354328
354339
354462
354639
354650
354736
354786
355042
355374
355566
355683
355723
355783
355803
355833
356068
356071
356088
356364
356506
356513
356666
356702
356858
356869
356882
357041
357078
357151
357178
357219
357243
357248
357358
357419
357517
357713
357841
357926
357985
358015
358021
358177
358195
358259
358331
358349
358385
358527
358570
358629
358752
358800
358849
358860
358866
358888
358895
359060
359184
359265
359320
359346
359353
359409
359414
359437
359539
359548
359631
359712
359789
359804
359852
359925
359970
359982
359990
359996
360004
360070
360303
360446
360449
360480
360585
360655
360656
360680
360711
360727
360750
360858
361010
361043
361069
361099
361137
361152
361408
361512
361786
361835
362035
362285
362356
362549
362605
362612
362781
362881
362925
362994
363077
363104
363209
363273
363307
363319
363326
363421
363462
363479
363501
363701
363716
364098
364226
364233
364310
364377
364441
364474
364725
364771
364785
365053
365054
365080
365182
365187
365216
365249
365259
365263
365272
365291
365490
365604
365655
365726
365786
365809
365814
365852
365921
366034
366112
366139
366179
366194
366195
366272
366416
366523
366532
366747
366920
367067
367329
367497
367601
367721
367796
368204
368250
368443
368475
368535
368563
368661
368756
368994
369021
369053
369070
369140
369294
369509
369538
369667
369676
369726
370024
370237
370336
370668
370900
371186
371272
371450
371547
371549
371578
371587
371792
371907
371998
372072
372147
372154
372368
372672
372766
372951
373281
373292
373305
373458
373475
373664
373703
373755
373797
373855
373895
373954
373989
374063
374087
374195
374335
374436
374512
374525
374543
374583
374652
374709
374747
374768
