4437
11128
15041
15560
17218
20554
23067
25534
25613
26975
27527
30525
32893
36461
39600
44249
45068
47158
48005
50293
53249
54135
57956
57979
60285
60309
78661
79407
82207
87208
88479
89952
95540
108030
110034
111661
112171
113325
114251
114992
116007
118270
125860
128582
129279
130558
134369
138534
141357
143111
145388
148985
148994
152040
152392
153259
153379
159323
160711
165446
168322
170999
171579
172256
177399
181119
185394
188484
191652
194928
197422
199912
205450
208102
211807
212434
237401
239087
245354
245856
247242
248024
250361
253241
253845
255000
264473
264812
265367
265854
266989
267588
270829
274882
280594
285190
286002
288886
289656
289848
290338
293153
300165
304223
306690
309318
311979
316311
320357
321216
334494
335096
339900
340225
346121
349486
349779
353619
354337
357750
360585
361137
362549
