45
250
336
374
519
610
703
709
733
790
903
1003
1314
1334
1433
1553
1641
1704
1767
1859
2284
2418
2490
2622
2684
2706
2807
2836
3040
3355
3706
3752
3860
3865
4036
4453
4469
4628
4906
4907
4921
5371
5800
5806
5869
6216
6749
6871
7006
7059
7304
7400
7407
7455
7493
7541
7752
7896
8146
8251
8268
8400
8435
8565
8615
8617
8683
8788
8982
9086
9239
9508
9713
9798
9886
10097
10205
10297
10531
10723
10827
10961
11084
11109
11114
11450
11463
11508
11979
12552
12619
12871
13042
13052
13171
13362
13435
13448
13485
13641
13761
14065
14076
14224
14267
14408
14744
14747
14813
14937
15010
15100
15140
15316
15719
15992
16035
16131
16242
16771
17070
17354
17355
17583
17603
17757
17783
17825
17960
18081
18238
18382
18522
18880
18952
19026
19028
19237
19350
19429
19505
19805
19810
20018
20115
20194
20206
20232
20301
20363
20386
20397
20610
20769
20899
21050
21172
21213
21381
21529
21612
22014
22020
22310
22452
22489
22561
22923
22995
23051
23523
23849
23877
23897
23956
24128
24323
24420
24556
24726
25108
25387
25414
25573
25615
25652
25789
25810
26152
26182
26211
26216
26322
26484
26533
26725
26756
26849
26897
27005
27393
27420
27432
27473
27626
27710
27976
28218
28539
28882
28991
29014
29109
29399
29586
29643
29694
29757
29923
29951
30028
30073
30104
30240
30336
30394
30452
30682
30788
30904
31089
31139
31170
31176
31467
31523
31823
32020
32052
32070
32087
32745
32748
33111
33173
33218
33354
33393
33670
33787
33852
34097
34412
34422
34550
34670
34677
34738
34846
34899
35026
35299
35432
35786
35863
35922
36249
36302
36330
36431
36447
36449
36459
36580
37423
37826
37865
37943
37950
38352
38878
38895
38945
39060
39113
39176
39284
39307
39470
39505
40097
40148
40185
40416
40503
40583
40871
41062
41122
41481
42080
42312
42480
42492
42583
42614
42673
42818
42965
43056
43073
43336
43484
43558
43588
43723
43913
44165
44266
44301
44458
44662
44695
44834
45006
45078
45137
45169
45487
45551
45712
45730
46206
46236
46270
46338
46349
46389
46816
46986
46992
47180
47182
47513
47626
47708
47760
47952
47981
48705
48743
49023
49065
49084
49108
49217
49311
49891
50170
50182
50224
50523
50544
50585
50863
50884
50957
51071
51122
51315
51469
51666
51710
51897
51904
51913
52126
52316
52475
52604
52617
52693
52890
52903
52935
52983
53162
53480
53616
53798
54081
54135
54215
54326
54411
54492
54661
54677
54687
54913
54934
55253
55405
55632
55754
55807
55869
55975
56969
56976
57162
57821
57856
57867
57871
57915
57927
58301
58384
58578
58869
58906
59194
59284
59509
59545
59754
59783
59852
60036
60285
60664
61037
61065
61209
61248
61276
61340
61358
61372
61390
61555
61705
61927
62000
62016
62232
62370
62488
62669
62797
62835
63165
63532
63546
63632
63740
63750
63903
64038
64108
64282
64358
64411
64432
64698
64788
64796
64847
65105
65196
65284
65376
65402
65660
65826
66169
66411
66693
66711
66790
67058
67234
67454
67481
67650
67656
68028
68072
68087
68091
68381
68450
68481
68555
68675
68717
68802
68965
69011
69100
69285
69336
69651
69863
70127
70867
70945
70957
70976
71006
71040
71112
71300
71422
71456
71487
71504
71560
71721
72112
72337
72381
73051
73141
73321
73521
73646
73767
73905
74626
74738
74758
74826
74828
74943
75457
75782
75827
75962
76131
76151
76286
76411
76950
77179
77241
77348
77492
77635
77842
77976
78452
78506
78519
79040
79072
79360
79608
79627
79894
79945
80001
80003
80072
80208
80381
80477
80669
80679
80917
80992
81013
81028
82170
82238
82490
82764
82806
82857
82869
82956
83015
83350
83719
83931
83974
84096
84109
84652
84707
84961
85170
85792
86048
86141
86168
86432
86659
86885
86917
86926
86942
88018
88052
88132
88218
88421
88532
88700
88795
89027
89148
89236
89356
89371
89386
89467
89747
89760
90046
90807
90944
91077
91094
91119
91246
91346
91553
91667
91979
92271
92351
92432
92588
93169
93242
93250
93267
93283
93500
93931
94008
94019
94143
94166
94188
94264
94295
94546
94557
94667
94686
94700
94704
94800
94863
94986
95043
95392
95419
95762
96015
96031
96161
96251
96381
96556
96798
96849
97006
97231
97438
97470
97482
97582
97593
97695
97727
98041
98180
98400
98619
98880
99018
99128
99204
99356
99470
99707
99745
99930
99961
100014
100255
100828
101001
101313
101331
101668
101792
101918
101998
102401
102497
102657
102659
103101
103173
103238
103422
103533
103726
103763
103790
104307
104353
104380
104508
104564
104634
104792
105070
105229
105579
105588
105867
105975
106216
106381
106396
106588
106776
106791
106921
106988
107022
107057
107121
107202
107553
107596
107695
107721
107998
108166
108323
108347
108349
108586
108594
109131
109223
109547
109577
109789
110225
110304
110306
110513
110752
110967
111000
111138
111230
111477
111668
111969
112020
112034
112266
112355
112762
112975
113357
113569
113715
113742
114059
114181
114251
114272
114337
114386
114497
114700
114713
114823
114971
115114
115155
115179
115319
115414
115587
115591
115603
115908
116050
116290
116300
116429
116520
116660
116821
116917
117129
117131
117410
117485
117885
118141
118203
118303
118369
118392
118406
118569
118599
118854
119065
119145
119176
119383
119472
119698
119926
120170
120256
120449
120771
121400
121580
121883
122085
122214
122289
122443
122639
122684
122954
123075
123254
123300
123458
123509
123513
123528
123806
123831
124051
124101
124321
124425
124498
124507
124907
125343
125467
125661
126222
126386
126692
126732
126767
126886
126912
127095
127180
127420
127479
127545
127582
127821
128331
128837
129026
129279
129307
129625
129782
129836
129880
130136
130264
130477
130499
130558
130566
130682
130701
130773
130866
130876
131217
131255
131598
131618
131703
131733
131879
131965
132084
132191
132265
132455
132545
132674
132879
133245
133531
133724
133979
134211
134215
134450
134606
134632
134725
134865
135010
135301
135320
135449
135511
135982
136276
136343
136722
137285
137543
137567
137687
137809
137858
137957
138301
138415
138455
138514
138740
138842
139223
139467
139853
139883
139943
140021
140133
140249
140363
140369
140452
140563
141072
141210
141270
141627
142438
142439
142470
142593
142614
142815
142958
143123
143173
143299
143392
143500
143678
144583
144894
144908
145154
145596
145801
145865
145932
145970
146081
146194
146332
146480
146599
146632
146738
146962
147086
147170
147813
147825
148260
148268
148309
148691
148915
149237
149739
149855
150495
150561
150569
150581
150623
150700
150928
151122
151237
151540
151551
151654
151890
152014
152044
152111
152172
152314
152342
152418
152434
152683
152709
152780
152785
152935
153053
153105
153220
153241
153288
153344
153640
153641
153875
154270
154525
154610
154739
154781
154808
155002
155033
155276
155415
155454
155694
155739
155773
155943
156235
156610
156639
156758
157037
157083
157463
157868
157898
157927
158023
158077
158523
158554
158605
158773
158973
159053
159292
159497
159518
159609
159650
159684
159818
159827
160013
160120
160136
160268
160461
160576
160635
160755
161232
161383
161972
162002
162505
162506
162687
163047
163187
163210
163409
163459
163582
163624
164060
164281
164385
164441
164482
164509
164551
164623
164866
164877
164878
164936
165358
165430
165531
165563
165677
166099
166375
166600
166723
167207
167443
167511
167895
167985
168216
168410
168848
168939
169101
169232
169285
169350
169382
169543
169906
170046
170247
170412
170451
170461
170499
170533
170976
171394
171501
171821
171870
171975
172147
172330
172398
172417
172522
172871
173177
173201
173540
173773
173854
174002
174057
174374
174642
174664
174854
175030
175036
175371
175530
175537
175627
175640
175643
175691
176015
176226
176382
176689
176836
176932
177131
177143
177533
177585
177711
178461
178604
178677
178762
178858
180019
180040
180164
180259
180276
180320
180378
181126
182031
182223
182349
182453
182659
182978
182988
182991
183132
183407
183483
183573
183649
183677
183811
184203
184273
184448
184678
185024
185036
185136
185231
185467
185618
185868
185945
186014
186299
186502
186606
186625
186725
186760
186825
186947
187038
187377
187406
187598
188086
188547
188550
188587
188608
188766
188796
188823
188836
188918
189034
189604
189716
189878
189946
190006
190103
190126
190172
190264
190291
190305
190307
190426
190803
191892
191902
192132
192412
192433
192488
192682
192693
192734
192823
192982
193069
193163
193165
193203
193264
193441
193526
193687
193888
193986
194032
194335
194457
194503
194733
195029
195210
195325
195666
195949
196050
196096
196478
196840
196856
196944
197082
197155
197335
197655
197792
197845
197847
198115
198281
198321
198362
198584
198619
198734
198839
199372
199622
199745
199829
199845
200054
200252
200469
200960
200966
201129
201226
201301
201679
201694
202032
202044
202048
202100
202111
202341
202403
202445
202614
202687
202845
202994
203179
203310
203322
203373
203658
203843
203896
203908
203910
204094
204207
204364
204412
204455
204477
204792
204948
205051
205073
205350
205571
205959
206270
206374
206487
206577
206586
206859
206898
207059
207233
207370
207446
207646
207673
207726
207800
207823
208102
208340
208441
208572
208658
208924
209012
209051
209111
209168
209385
209574
209762
209768
210105
210365
210455
210609
210611
210646
210828
210835
210936
211157
211211
212092
212126
212285
212335
212443
212478
212554
212572
212692
212696
212830
212969
213653
213708
213878
213953
214124
214158
214255
214580
214903
214927
214935
215119
215231
215485
216086
216271
216438
216481
217055
217393
217449
217453
217497
217583
217592
217776
218185
218252
218421
218474
218617
218695
218794
218975
219079
219265
219450
219587
219663
219769
219859
219913
219968
220191
220212
220238
220318
220383
220431
220460
220518
220672
220700
220711
220734
220778
220971
221103
221116
221145
221330
221395
221405
221685
221996
222319
222431
222735
222812
222818
222863
222877
223145
223163
223299
223308
223313
223357
223425
223508
223650
223696
223793
223803
224088
224295
224664
224754
224881
225280
225314
225378
225521
225530
225550
225706
225851
225893
226532
226612
226616
226641
226869
227111
227135
227185
227485
227504
227510
227530
227618
227678
227876
228002
228044
228313
228350
228413
228505
228565
228728
228896
229183
229312
229843
229882
229928
230010
230059
230109
230259
230390
230418
230470
230562
230568
230669
230919
230988
231116
231153
231303
231319
231385
231495
231627
231823
231996
232202
232320
232388
232693
232902
232948
233106
233124
233227
233497
233539
233672
233901
233924
233988
234369
234372
234566
234783
234880
234976
235029
235107
235178
235226
235350
235499
235749
235860
235888
236166
236197
236231
236422
236445
236485
236815
236849
237049
237160
237197
237456
237561
237587
237690
238279
238543
238591
238615
238665
238713
238967
239012
239236
239407
239423
239478
240070
240459
240532
240615
240639
240738
240779
240899
240930
241099
241138
241179
241249
241612
241624
241662
241690
241822
241847
241873
242145
242261
242773
243162
243717
243731
244044
244163
244287
244294
244420
244626
244717
245095
245202
245522
245600
245634
245646
246068
246116
246197
246370
246412
246649
246676
247063
247134
247349
247539
247581
247738
247898
247974
248137
248252
248280
248782
248811
249107
249177
249673
249765
249902
250154
250180
250293
250617
250924
250954
251123
251200
251294
251326
251427
251570
251575
251796
252312
252770
253107
253266
253446
253584
253603
253991
254124
254137
254138
254343
254356
254460
254492
254705
254808
254859
254867
255025
255148
255447
255566
255621
255644
255646
255927
256012
256058
256330
256443
256469
256635
256676
256735
256939
257220
257231
257234
257854
258421
258458
258495
258845
258921
259062
259161
259577
259616
259735
259856
259894
260093
260153
260440
260588
260591
260754
260792
260799
260800
260811
260936
261270
261646
262153
262163
262456
262480
262572
262597
262672
263010
263213
263222
263342
263466
263545
263557
263565
263735
264354
264396
264714
264794
265463
265535
265595
265717
265751
265822
265927
266007
266300
266580
266799
266993
267215
267218
267381
267431
267481
267545
267573
267673
267753
267934
268172
268400
268516
268546
268582
268765
268766
269003
269130
269325
269361
269466
269487
269868
270100
270148
270355
270362
270446
270458
270648
270676
271327
271358
271402
271740
271817
272420
272819
272956
273202
273294
273307
273482
273744
273802
273847
273890
274058
274145
274227
274259
274737
274744
275145
275364
275745
276089
276105
276182
276204
276275
276832
277193
277272
277383
277407
277430
277446
277450
277624
277625
278044
278052
278229
278468
278571
278657
278762
278827
278836
279312
279679
279699
279747
279808
280060
280187
280276
280366
280589
280636
280677
281014
281017
281787
282010
282256
282479
282531
282537
283156
283444
283493
283587
283592
283814
283840
283905
284117
284318
284876
285018
285131
285204
285576
285630
285827
285834
286297
286316
286397
286529
286530
286596
286837
286980
286988
287085
287146
287270
287385
287804
287868
287924
287933
288053
288057
288232
288271
288666
288944
288948
289067
289268
289625
289638
289656
289718
289743
289829
289837
289992
290107
290133
290261
290314
290581
290670
290677
290798
290865
290888
290896
290936
291072
291253
291363
291699
291961
292134
292225
292233
292561
292788
292986
293059
293081
293217
293418
293437
293846
293953
294066
294318
294336
294433
294509
294520
294621
294626
295012
295108
295157
295192
295235
295408
295773
296145
296235
296430
296672
296826
296896
297016
297057
297141
297535
297646
297905
298089
298487
298520
299213
299265
299512
299514
299717
300147
300151
300484
300515
300726
301014
301047
301192
301754
301773
301909
301956
302274
302560
302639
302757
302860
302890
303101
303484
303557
303865
303925
303949
304043
304160
304167
304194
304287
304419
304439
304445
304502
304589
304693
304698
304707
304886
304952
304984
305738
305818
306155
306253
306364
306725
307286
307765
307791
308162
308339
308443
308676
308879
309078
309246
309313
309335
309426
309760
309783
309791
309924
310195
310571
310651
310787
311196
311628
311693
312269
312310
312503
312701
313141
313702
313750
313863
313998
314254
314499
314922
315023
315237
315611
315650
315702
315948
316397
316628
316998
317043
317205
317230
317277
317643
317648
317764
318223
318464
318566
318821
319205
319448
319455
319487
319654
319657
319879
319904
319921
320023
320151
320234
320246
320416
320427
320546
320551
320822
320827
320832
321057
321194
321234
321372
321447
322082
322085
322189
322422
322722
322863
322875
322886
323029
323163
323573
323605
323612
323712
323788
323933
323947
324072
324510
324600
325089
325200
325238
325266
325393
325537
325650
326057
326139
326313
326399
326590
326625
326703
326716
326773
326991
327113
327195
327494
327793
327829
327951
327991
328146
328221
328251
328853
329004
329370
329437
329448
329478
329991
330176
330227
330334
330589
330624
331116
331380
331394
332128
332365
332550
332767
332869
333121
333431
333777
333826
334163
334718
334726
334739
334917
335374
335450
335692
335875
336472
337075
337239
337264
337359
337501
337850
337911
338020
338072
338253
338465
338716
339140
339317
339554
339856
339871
340053
340089
340332
340724
340923
340987
341099
341150
341274
341429
341525
341833
342053
342261
342334
342744
342885
343102
343109
343266
343352
343723
344227
344258
344262
344337
344422
344432
344647
344662
344665
345099
345509
345668
345722
345973
346022
346177
346448
346500
346583
346678
346891
347341
347572
347855
347996
348291
348563
348738
348780
348878
349104
349177
349402
349530
349574
349762
349851
349993
350191
350416
350558
350917
351044
351129
351335
351796
351859
351980
352297
352964
353020
353787
353970
354022
354152
354261
354677
354834
354852
354935
355185
355335
355343
355551
356101
356189
356300
356758
356871
357097
357276
357409
357475
357538
357642
357677
357812
357876
357883
358129
358179
358429
358827
358869
358994
359129
359135
359255
359321
359371
359541
359608
359659
359720
360309
360496
360517
360564
360744
361247
361406
361465
361780
361889
362305
362367
362468
362476
362484
362549
362611
362794
363117
363211
363218
363222
363265
363336
363979
364044
364789
364988
364995
365153
365750
365854
365935
365992
366256
366343
366406
366508
366572
366625
366779
366915
366942
367094
367145
367312
367391
367424
367642
367661
367680
367813
367977
367978
368059
368066
368385
368414
368469
368490
368496
368599
368630
368724
368825
368861
369025
369188
369259
369681
369937
370669
370745
371267
371432
371552
371702
371783
371784
371787
372276
372957
373101
373164
373297
373529
373624
373679
373741
374289
374450
374575
374655
374959
