248
335
599
863
887
942
957
1123
1483
1538
1613
1712
1754
2397
2685
2726
2812
2976
3034
3736
3808
4418
4437
4769
4803
4950
5079
5435
5493
5717
6377
6658
6852
7288
7471
8055
8467
8647
9080
9414
9852
10072
10411
10562
10783
10916
11192
11304
11501
11584
11886
12192
12680
12767
12770
13312
13564
13641
13663
13673
13789
14082
14235
14467
14471
14500
14501
14549
14681
14765
14842
14921
14950
15177
15185
15213
15251
15363
15454
15789
15834
15877
15903
16149
16215
16462
17022
17311
17562
17611
17721
17803
17953
17969
18005
18315
18576
18612
18811
18986
19036
19310
19565
19752
19796
19870
20066
20344
20462
20620
21117
21152
21287
21374
21529
21622
21927
21942
21996
22031
22083
22275
22385
22545
22701
22941
23122
23343
23607
23675
23707
23772
24341
24504
24642
24840
25023
25043
25282
25474
25498
25527
25623
25722
26020
26150
26735
26750
26929
27246
27794
28194
28255
28433
28553
28581
28851
28977
29303
29318
29403
29504
29649
29794
29804
29915
29948
30194
30491
30737
31209
31235
31279
31425
31479
31647
31748
31783
31937
32056
32524
32656
33354
33443
33944
34047
34496
34852
34978
35243
35721
35855
35913
35975
36047
36162
36164
36660
36689
36799
37031
37272
37477
37535
37756
37855
38268
38679
38978
39130
39831
39866
39870
40554
40976
41185
41295
41349
41416
41418
41586
41981
42617
42972
43068
43324
43442
43519
43538
43622
43668
44139
44312
44334
44743
44783
44840
45097
45221
45354
45730
45754
45946
46018
46090
46706
46895
46942
46998
47159
47174
47274
47582
47611
47817
48126
48152
48425
48478
48482
48664
48815
48901
48930
48947
49374
49501
49536
49896
50310
50344
50370
50576
50909
50984
51199
51238
51388
51514
51515
51534
51555
51556
51865
52052
52117
52159
52329
52541
52826
53250
53330
53397
53409
53444
53623
54093
54249
54368
54776
54806
54815
54919
55190
55257
55297
55491
55528
55942
55975
55991
56482
56596
56914
56919
57096
57152
57171
58403
58529
58541
58844
58894
59215
59303
59411
59453
59456
59540
59586
59642
59651
59684
59879
60126
60252
60371
60388
60433
60576
60581
60883
61219
61276
61298
61394
61531
61799
62342
62353
62563
62629
62779
63038
63180
63287
63814
63934
64442
64844
64897
65058
65797
65839
65844
65967
65991
66029
66070
66222
66274
66294
66453
66599
66613
66745
66779
66850
66890
67053
67441
67581
67604
67729
67855
67896
68099
68241
68378
68509
68626
68627
68737
69112
69119
69520
69873
69928
69998
70653
70686
70708
70812
70829
71172
71255
71399
71451
71549
72007
72100
72139
72500
72684
73430
73768
73834
74115
74191
74519
74719
74974
75220
75224
75251
75522
75669
75820
75885
75906
75987
76088
76200
76246
76248
76968
77234
77265
77337
77427
77585
77768
77769
77936
77974
78138
78478
78661
78767
78861
78912
79027
79029
79265
79420
79652
80448
80450
80459
80662
81242
81996
82464
82528
82830
82842
82901
82906
83006
83288
83360
83983
84075
84113
84292
84481
84529
84626
84723
84826
84956
84978
85108
85320
85535
85660
85889
86242
86345
86448
86713
86926
87090
87276
87593
87608
87637
87780
87787
87979
88063
88133
88278
88490
89367
89382
89870
89989
90204
90820
90929
90996
91872
91949
92050
92332
92895
92936
92937
92966
93000
93330
93439
93532
93677
93703
93787
93870
93876
94341
94493
94507
94528
94563
94917
94964
95065
95218
95496
95744
95748
96001
96019
96058
96066
96127
96129
96163
96225
96888
97026
97134
97231
97589
97686
98277
98400
98510
98544
98566
98802
98858
99134
99260
99676
99856
99980
100117
100324
100392
100466
100869
101432
101688
101714
101775
102054
102204
102282
102301
102305
102394
102672
102677
102683
102984
103005
103036
103069
103092
103169
103540
103547
103653
103697
103964
103965
104009
104105
104180
104873
105272
105356
105640
105833
105986
106055
106108
106370
106474
106487
106504
107230
107483
107534
107636
107714
107841
107863
107869
107962
107985
108033
108041
108347
108407
109071
109181
109351
109410
109781
109819
110012
110059
110392
110677
110787
110913
111160
111205
111425
111487
111558
111937
112067
112349
112612
112708
112775
112838
112891
112997
113079
113489
113500
113676
113723
113878
114048
114105
114200
114232
114330
114382
114463
114766
115093
115226
115407
116066
116097
116210
116325
116450
116805
117008
117151
117213
117393
117449
117596
117800
117833
117998
118096
118145
118819
119110
119268
119286
119313
119482
119533
119567
119591
119746
119749
119942
119945
120088
120330
120428
120488
120668
120697
120785
120831
120905
120935
120940
121305
121320
121436
121569
121784
122211
122243
122511
122880
123406
123465
123490
123515
123784
124294
124459
124587
124984
125106
125345
125577
125598
125774
125874
126000
126061
126275
126311
126560
126737
127141
127306
127877
128071
128170
128358
128481
128525
128648
128760
130433
130496
130661
131090
131138
131239
131269
131716
131830
131972
131991
132378
132646
132888
133033
133139
133302
133374
133517
133528
133584
133620
133808
133820
133832
133986
134026
134355
134359
134997
135028
135234
135373
135489
135520
135680
135743
136093
136497
136672
137047
137078
137242
137735
138416
138576
138600
139064
139146
139233
139577
140170
140210
140341
140747
140776
141263
141306
141507
141611
141831
141836
141868
141920
141983
141993
141997
142005
142207
142417
142421
142485
142490
142660
142872
142926
142996
143069
143317
143363
143398
143468
143492
143565
143661
144080
144199
144213
144369
144564
144578
144670
144708
144909
145219
145332
145517
145804
146333
146418
146434
146442
146619
146670
146886
146960
147216
147220
147372
147763
147963
148044
148083
148443
148511
148585
148653
149486
150997
151395
151445
151513
151547
151639
152051
152137
152230
152318
152375
152386
152759
152835
153259
153263
153351
153422
153817
153962
154049
154120
154668
154773
155126
155194
155242
155438
155803
155815
155882
156149
156184
156449
156989
157061
157065
157305
157342
157492
158236
158270
158498
158534
158554
158558
158634
158691
158735
158750
159470
159729
159952
159961
160321
160400
160972
161034
161047
161085
161138
161201
161854
161913
162084
162181
162596
162702
162851
162871
163178
163370
163394
163405
163603
163652
163959
164050
164226
164319
164532
164803
165152
165512
165528
165599
165608
165673
165869
166031
166107
166269
166299
166398
166482
166602
166624
166660
166738
166836
166848
166920
167671
168254
168322
168513
168619
168724
169067
169165
169364
169565
169651
169775
169997
170120
170138
170229
170921
170964
171114
171154
171853
172035
172065
172076
172139
172292
172747
173272
173281
173282
173368
173405
173505
173511
173629
173644
173795
174148
174212
174277
174294
174369
174728
175020
175074
175298
175659
175718
176211
176295
176588
176653
176683
176712
176732
176852
176919
176965
177349
177362
177475
177553
177752
177830
177998
178006
178136
178480
178664
178725
178787
179227
179260
179451
179628
179932
180127
180312
180344
180435
180478
180653
180823
180827
180936
181043
181178
181674
181679
182105
182175
182192
182241
182303
182327
182427
182450
182461
182606
182747
182913
183005
183207
183677
183805
183844
184235
184762
185061
185524
185738
185835
185930
186166
186391
186819
186882
187008
187241
187652
187834
188201
188256
188359
188366
188670
188769
188839
188989
189027
189048
189146
189190
189278
189451
189540
189631
189695
189773
189918
190024
190046
190215
190277
190480
190774
190841
191040
191118
191168
191184
191262
191514
191605
191673
191735
192033
192119
192488
192608
192634
192643
192776
192851
192957
193089
193261
193442
193480
193493
193584
193688
193698
193725
193770
193983
194122
194306
194470
194542
195103
195241
195444
195464
195546
195608
195635
195677
196074
196131
196490
196796
197008
197305
197524
198006
198162
198451
198496
198517
199161
199172
199259
199263
199364
199588
199597
199608
199634
199651
199652
199669
199816
199982
200030
200255
200357
200508
200720
200773
200780
201013
201172
201176
201244
201333
201420
201751
201769
201796
201906
201909
202050
202235
202368
202469
202508
202518
202571
202788
202876
203006
203304
203473
203529
203675
203799
203803
203834
204142
204258
204677
204724
204833
205592
205837
205895
205940
205957
206056
206458
206483
206906
207075
207951
207963
208042
208404
208408
208774
209049
209169
209554
210083
210165
210677
210683
210819
211219
211574
211687
211775
211848
212127
212869
212880
213051
213156
213184
213233
213294
213331
213499
213510
213608
213718
214080
214144
214375
214666
215008
215395
215497
215524
216539
216812
217000
217115
217421
217442
217936
218630
218814
218858
218950
218969
219090
219194
219222
219266
219342
219707
219723
219847
219956
220315
220579
220784
221053
221702
221759
221830
222093
222175
222499
222639
222767
222776
222873
223031
223303
223697
223856
224073
224315
224741
224832
225431
225573
225584
225625
225641
225701
225731
226084
226620
226654
226676
226753
226853
226965
227311
227496
227529
227653
227715
227888
228025
228078
228091
228283
228535
228659
228967
229462
229654
229873
229898
230009
230456
230474
230484
230699
232015
232287
232320
232478
232759
232776
232856
232916
232960
233000
233005
233034
233351
233571
233939
234192
234303
234403
234439
234625
234934
235288
235469
235580
235908
236762
236996
237547
237650
237730
237747
237763
239138
239667
240020
240121
240391
240428
240473
241275
241312
241504
241769
241914
242003
242034
242179
242216
242328
242426
242586
242605
242704
242762
243080
243493
243613
243786
243801
244108
244155
244948
245080
245305
245429
245543
245715
245906
246057
246365
246533
246688
246822
247067
247104
247237
247299
247954
248130
248351
248751
248955
249004
249275
249515
249718
249865
249948
250279
250297
250337
250365
250962
251031
251300
251483
251836
252048
252215
252379
252443
252549
252621
252684
253232
253242
253271
253437
253576
254086
254518
254687
254833
254995
255055
255077
255282
255512
255897
255990
256164
257039
257045
257082
257188
257262
257316
257354
257422
257574
257623
257637
257933
257950
258123
258145
258604
258701
258803
258821
258908
259194
259375
259761
259793
259859
259991
260290
260520
262222
262247
262379
262644
263147
263549
263670
264011
264099
264394
264473
264575
264586
264708
265696
265834
266033
266197
266364
266499
266605
266835
267323
267355
267369
267436
267541
267950
267963
268139
268334
268682
268972
269073
269100
269134
269187
269229
269350
269419
269469
269787
269827
269940
269992
269998
270153
270281
270456
270548
270603
270728
270920
270960
271098
271284
271343
271363
271527
271705
271737
272563
272565
272884
272982
273369
273508
273618
273652
273836
273968
274266
274270
274497
274690
274853
275249
275733
276065
276234
276283
276322
276490
277058
277321
277441
277872
277973
278137
278185
278272
278943
279043
279379
279459
279460
279522
279681
279772
280041
280154
280233
280346
280430
280513
280587
280708
280811
280906
280953
281184
282403
282497
283002
283437
283603
283616
283768
283850
284356
284558
284969
285116
285154
285372
285586
285720
285837
286271
286387
286416
286685
286841
287047
287255
287263
287494
287503
287545
287574
287666
287858
287888
288133
288190
288451
288648
288655
288660
289227
289333
289434
289448
289542
290073
290205
290367
290423
290508
290704
290771
290781
291261
291465
291654
291660
291723
291732
292038
292119
292182
292188
292205
292839
292844
292873
292875
292984
293212
293316
293317
293547
294254
295307
295319
295578
295800
295825
295903
296187
296251
296469
296483
296695
296710
296957
297058
297736
297834
297872
298247
298633
298704
299034
299063
299216
299227
299408
299413
299739
299786
299862
300271
300495
300620
300996
301033
301115
301119
301129
301562
301736
301860
301901
302317
302508
302544
302764
303070
303189
303910
304095
304393
304449
304523
304546
304663
304722
304774
304956
305399
305508
305677
305931
306281
306306
306625
306767
306800
307002
307023
307140
307226
307358
307532
307546
307596
307706
307897
307913
307950
308214
308228
308489
309015
309399
309692
309901
309976
310046
310320
310693
311068
311182
311492
311855
311911
311918
311979
312255
312631
313000
313243
313287
313435
313488
313501
313634
313731
313895
314138
315128
315276
315293
316128
316176
316208
316224
316469
316682
316694
316864
316870
316947
316959
317018
317047
317067
317248
317252
317709
318135
318168
319044
319111
319246
319268
319401
319614
319665
319678
319788
319828
319866
320228
320350
320456
320580
320670
320676
320765
320936
321089
321118
321248
321418
321736
321938
321964
322138
322296
322297
322585
322781
322965
323034
323111
323409
323679
323726
324131
324415
324914
325131
325488
325846
325948
326091
326630
327169
327372
327489
327533
327684
327810
327973
328251
328296
328319
328364
328656
328901
329023
329206
329366
329785
329978
330047
330143
330210
330369
330386
330543
330613
330962
330986
331022
331155
331204
331211
331275
331472
331820
332261
332337
332392
332470
332492
332725
332846
332966
333334
333427
333555
333648
333676
333788
333789
333960
333967
334330
334337
334739
334741
334872
334985
335066
335397
335664
335817
335877
336101
336203
336327
336794
336800
337084
337261
337383
337410
337611
337757
337885
337985
338074
338081
338247
338324
338563
338620
338708
338751
338839
338947
339273
339330
339418
339485
339615
339700
339704
339884
339889
340056
340539
340575
340588
340794
340941
340954
340967
341158
341162
341225
341314
341436
341439
341495
341792
341948
342058
342096
342214
342299
342477
342860
342887
343981
344061
344613
344636
344734
344815
345062
345648
345650
346638
346775
346872
347699
347921
347940
348084
348252
348274
348447
348806
348824
349039
349097
349132
349644
350110
350717
350912
350972
351497
351655
351846
351860
351879
352161
352546
352704
353205
353346
353599
353819
353871
354134
354335
354374
354514
354612
354625
354880
354972
355267
355427
355787
355793
355941
355971
356214
356271
356277
356333
356941
356974
357246
357259
357431
357445
357452
357488
357545
357895
358008
358205
358335
358572
358661
358676
358957
359296
359402
359451
359499
359875
359947
360089
360110
360592
360731
360864
361098
361307
361316
361320
361617
361824
361858
362046
362058
362086
362087
362166
362197
362377
363233
363386
363763
363803
363848
364017
364565
364639
364865
364911
365148
365334
365589
365718
365801
365888
365953
366429
366597
366769
367007
367158
367317
367515
367568
367770
368170
368672
368723
368726
369059
369138
369216
369366
369377
369411
369439
369463
369501
369828
369894
370175
370398
370435
370453
370636
370741
370748
370963
371022
371052
371102
371178
371228
371336
371433
371726
372046
372292
372481
372697
373302
373446
373823
374071
374628
374833
374944
