45
316
733
790
903
1704
2812
2895
3518
3706
3752
4628
4707
6294
6743
7400
7407
7455
8321
8476
8617
8849
9162
9239
9886
9892
10961
11114
11463
11937
12428
12846
13761
14813
14897
15225
15516
15719
15725
15988
16056
16131
16190
16771
16994
17070
18104
18238
18302
18382
19028
19303
20018
20194
20579
21172
21242
22422
22561
23087
23860
24222
24501
25652
26182
26725
26756
27008
27435
27626
27794
27976
28102
28433
28574
28991
29643
30465
30807
31176
32052
32087
32745
33484
33654
33852
34097
34494
34677
35863
35915
35922
36580
38279
38352
38432
38895
38945
39423
39505
40995
41740
41745
42312
42676
43531
43558
43723
44301
45078
46025
46706
46780
46986
47180
47760
47981
48447
48944
49089
49866
50863
50867
50877
50884
51071
51469
52316
53623
53860
53975
54432
55029
55204
57514
57821
57915
58384
58477
58480
58578
59754
59783
60558
61021
61037
61705
61730
63540
64472
64796
65284
65376
65653
65826
67058
67234
67405
67566
67656
67743
67894
68028
68675
68717
69395
69651
69863
70284
70956
71451
71479
71487
71504
71791
72063
72337
72381
72973
73130
73321
73646
74191
74828
75562
76153
76248
77241
77332
78506
79193
80072
80208
80726
80930
81028
81520
82490
83906
86048
86432
86522
88067
88132
88326
88532
88608
89027
89148
89236
91077
91489
91716
91979
93283
93500
94019
94207
94231
94295
94415
94557
94863
94878
95128
95392
96208
97006
97319
97482
99470
99745
99852
99930
100014
100623
100821
100828
101142
101668
101817
102015
103373
103422
105070
105229
106022
106245
106776
106988
107022
107057
108166
108586
109223
109351
110304
110306
110847
111134
111605
112034
112740
113357
113742
114505
114700
115143
115144
115591
115603
116905
117231
117485
118141
118203
118392
118569
118599
119065
119147
119831
119926
120428
120840
122327
123296
124082
124101
124161
125277
125661
125790
126542
127306
127420
128997
129307
129836
130363
130566
130710
130845
132191
132674
134231
134737
134865
135010
135449
137274
137988
138233
138415
138842
138946
139467
139770
139943
140448
140452
141094
141501
143173
143426
144147
144583
144908
145613
145744
145865
146480
146599
146632
146704
146860
146962
147963
148268
148691
150561
151890
152314
152753
152785
153220
153640
153875
154739
155454
155532
155739
155875
156548
156581
156719
157072
157374
157868
157927
158101
159223
159684
160268
160376
160576
160972
161480
162506
162552
162687
163187
163409
163415
163459
163673
164318
164354
164509
164866
164877
165113
165233
166463
166480
166828
167511
167984
168173
168454
168848
169252
169350
169439
170364
170461
170794
171394
171821
171975
172147
172398
172845
172871
173773
174642
175078
175089
175593
175619
175850
176689
176762
176836
177711
177885
178095
178218
178292
178298
178858
178861
179745
180019
180164
180338
180589
180622
181106
181508
181571
182829
182991
183483
183811
184442
184448
184558
185600
185788
185945
186502
186760
187382
187403
187406
187619
189034
189878
189918
190343
190567
192003
192132
192184
192412
192586
192618
193159
194032
194239
194976
195694
195891
196050
196856
197724
199034
199451
199514
199622
199829
200054
200966
201301
201679
202100
202235
202263
203322
203373
203385
203658
203896
203908
204094
204606
205571
205587
205830
205957
206061
206550
206632
206898
207338
207446
207823
208124
208550
208924
209665
209740
210936
211745
213878
213953
214158
214185
214674
214903
215075
216119
217583
219654
219900
220212
220431
220672
220700
221012
221116
221789
221820
222035
222062
222425
222431
222877
223313
223793
224575
224981
225731
225765
226612
226739
226814
226869
227235
227271
227485
227510
227678
227865
228565
229312
229646
229843
229928
230010
230666
231257
231303
231307
231537
231627
232082
232668
232902
232925
233719
234420
234439
234783
235029
235178
235499
235580
235860
236166
236169
236271
236445
236485
237726
238228
238636
238836
238967
239407
239649
239774
240532
240639
240829
241249
241624
241845
241873
242773
244044
244287
244869
245199
245558
245671
246676
247134
249298
249554
249740
250578
250954
251411
251570
253107
253266
254124
254499
254730
255560
259161
259856
260588
260591
260792
260800
260918
261180
261515
262163
262566
263213
263253
263342
264225
264714
265223
265595
265751
266472
266606
266700
266714
267129
267145
267381
267431
267673
267975
268516
268558
268765
268915
269003
269361
269419
271327
271362
271467
273818
275077
276105
276182
276424
276890
277033
277407
277450
277520
277905
278114
278229
279582
279808
280036
281014
282487
282657
282842
283814
283999
284112
284320
284876
285851
286297
286337
287218
287385
287924
288053
288271
288434
289603
290670
290801
290896
291791
292134
293059
293064
293437
294021
294509
294538
295157
295506
296235
296408
296543
296757
297141
297905
299996
300726
301047
301142
301754
302522
302560
302757
303466
304167
304283
304287
304319
304502
304639
304952
306086
306253
306364
306469
306751
306829
307791
308443
308676
309011
309024
309620
309791
310272
311162
311206
311628
312269
312955
313863
313993
314657
315023
315702
316998
317230
318566
318821
321057
321372
321413
321447
323163
323612
323788
323801
323804
323947
324172
325216
325691
326057
326359
327113
327195
327793
327912
328146
328221
329228
329370
329437
329478
332869
333826
335374
335875
336709
337239
337264
337915
337985
338120
338185
338816
338839
339137
339317
340029
340065
340400
340536
340725
340745
342744
343102
343109
344258
344411
344662
344665
344854
344920
345144
345722
345739
346022
346365
346380
346500
346891
347341
347855
348839
349530
349685
349748
350243
350717
350920
351044
353479
353562
353997
354022
354134
354677
355412
358869
359371
359541
359720
360038
361258
361406
362611
363211
363336
363361
364094
366406
366907
367094
367216
367391
367813
367880
367922
368469
368546
368574
368599
369133
369188
369477
369781
370175
371516
372030
372046
372650
373101
373417
373529
373679
373741
373875
374606
