1296
1552
2400
2954
3610
4198
4229
4644
5592
7222
7752
8799
9396
9718
10614
10717
11382
11708
11977
12603
12776
13228
13706
15053
15543
15844
16629
18504
21144
21469
21491
21507
22947
23008
23104
23913
24954
25078
26968
29110
29445
29453
29770
31892
32368
32816
33936
35194
35201
35672
35828
35862
36446
36736
37012
37069
37546
37622
39472
39554
39763
42328
44896
45083
45505
46054
46221
46602
47144
48740
49451
49546
50457
50740
51409
51420
52143
53165
53719
54614
55213
55284
55371
56637
57496
58000
59128
59288
59716
61096
61949
62738
63806
64206
64665
65568
65733
66605
67781
67924
68974
69301
70559
71235
72486
72895
73506
74290
74400
75457
75517
76056
77875
78014
78657
78943
80324
80457
80814
81655
85902
85995
86070
86893
89378
89894
91303
91956
92013
92325
92486
94035
94741
95513
96090
96138
96254
96274
97098
99538
100074
100353
100620
101023
102907
103618
103640
105174
105412
105873
107686
109285
109602
111113
111331
112636
112844
113119
113188
113784
115411
115589
116273
116280
116323
120086
121371
121614
123669
124937
125296
126090
127711
128485
128583
129631
129655
130276
130409
130587
131141
131573
131922
132875
133046
133344
134707
134758
134844
137478
138768
138947
138968
139505
139625
140221
141056
141687
142999
143337
144288
144516
144982
146407
150321
150689
153115
154199
154293
154379
155056
156499
157159
157229
160650
161150
161187
161657
162386
163540
164341
165589
166653
167638
168346
169048
170354
173194
174272
174499
174780
175109
176551
176660
176936
177449
177849
178817
183508
184009
184698
186046
186094
186646
187643
190060
190929
190957
192547
193064
193916
194673
194827
195542
195575
195692
195836
197574
199287
201523
203651
204321
205028
206341
206648
211434
212483
213335
213560
214309
214427
214620
216074
217009
218195
218407
219836
220427
220733
220820
221055
221627
222028
222044
223011
224548
225841
226806
227521
227972
228042
228265
228777
233041
234710
235199
236522
238132
238429
238904
239095
240221
240543
242022
243729
244196
244399
244414
246486
247961
248014
248086
248970
249474
249542
251803
251859
253431
254187
254239
255554
257082
257710
258128
260022
260278
260926
261068
262032
262503
263913
263997
265498
265569
266309
267239
268371
269643
270554
271611
271688
274090
274972
275646
275927
276655
281747
284285
284378
285416
287282
287752
288360
289253
289437
290330
292096
292856
294112
297019
300337
301173
301379
301789
304261
304861
304942
305939
305980
308601
309760
310887
310990
312173
312209
313191
313757
313876
314635
314879
315012
315264
315596
315896
315976
316005
316930
316965
317354
317423
318957
319018
319455
320071
321406
322708
323150
323219
323475
323587
324134
324244
324412
324896
325604
326065
327760
327951
328476
328635
329717
330311
330621
332068
332498
333150
333654
334319
335458
336958
338458
338615
339299
339605
341790
341920
342296
342500
342913
343559
344399
346866
347982
348394
349175
349233
351707
352140
352222
353257
355471
355997
356713
357098
357393
358001
358913
359351
360598
361344
362721
365022
365184
365654
366003
366803
370590
371533
372126
372537
373077
373156
374232
374244
375081
375964
376120
376777
377623
377939
378606
379627
380278
380448
381656
385675
385677
386080
386722
386898
387297
387650
387894
390153
390163
390241
390298
392682
392798
394867
395009
395012
397266
397932
399800
400090
400202
400888
402658
403117
403165
403828
405232
406146
406190
408260
409833
410030
410198
411502
411552
411914
412233
412882
414350
415799
416362
416583
416655
418246
418612
422192
422283
423020
423231
423660
424985
425668
426315
427700
429289
429321
429551
429950
432795
433563
433679
434355
434685
434981
435042
435595
438793
439126
439991
440840
441060
441618
441670
443003
443268
443915
444189
445199
447420
450378
453000
453517
454134
454388
455132
455795
455984
457440
458439
460855
461670
464447
465196
465277
466230
466309
466942
467018
467733
468628
469569
470705
470899
471078
472074
473043
473465
473573
475414
475928
476912
477501
477723
478534
479075
479721
479738
480022
480781
481014
481575
484434
484971
486911
487062
487320
487456
489090
491462
491590
492390
492942
493493
493703
494070
494419
494858
495037
495366
495969
496602
499808
502728
507393
508209
508701
508845
511397
513168
515123
515255
515657
515966
516019
517121
518266
519886
520301
520471
520695
523448
524292
524647
525740
526786
527060
527181
527247
528442
528816
529476
531711
532515
532624
534684
535476
535679
535747
536739
538650
538856
540838
541741
541788
542941
543610
544420
544871
545050
546822
546924
548900
550041
550411
550977
551223
551785
552213
552331
553044
553911
554517
555160
555582
556056
556171
556962
557584
558024
558084
559160
559164
563601
565105
565227
566365
566743
566824
566831
568753
568970
569475
569861
571465
572519
576114
576347
576650
576849
577328
579732
580040
583297
584234
584279
585463
585555
585804
586503
586982
587226
588307
588716
589480
589516
590042
591934
592525
594199
595283
596587
599028
599772
