1552
3610
7222
11977
18058
23913
31892
33936
33963
35672
37069
42328
49197
51420
54614
55213
57496
59288
60783
61188
61949
62738
72895
73949
74400
76081
78828
86893
88275
89894
91956
94741
96254
97098
103618
112212
112387
112844
115411
115589
129655
130044
131382
132875
133344
137926
138947
141038
141687
152439
161395
165589
165655
171908
173135
174272
174499
177849
178065
186094
186646
189380
194982
195047
196899
206914
207097
221603
221627
224713
226806
228777
232745
232851
233041
235199
235628
238834
240543
243729
249542
253431
254013
255978
257082
257710
258128
260653
261959
262946
266309
267063
275646
279148
282575
287752
288212
292011
292436
296277
302407
304261
306991
309964
312173
315264
315596
319018
319455
325226
325604
326208
327432
327742
327951
333150
335458
336833
339299
342500
344845
346866
353257
362721
363041
377623
380815
386080
386722
390763
392682
406629
410030
411552
412125
416362
416655
419916
424434
424649
425668
426315
427081
428966
429289
429950
433679
438171
438793
439126
441243
443268
446358
451731
452501
456735
457180
458439
459511
460855
464447
468628
470705
475414
480022
484921
484971
492390
495508
499341
499808
503448
507393
511397
512367
512632
515123
515657
516019
517745
527247
534684
543610
544871
550041
550657
551501
552213
556962
560369
561932
568484
572414
574884
576347
584727
587226
588716
589516
592525
596080
596359
