1552
11977
24954
25078
35672
37069
37546
42328
46054
54614
60783
62738
71235
72895
74290
74400
76081
80457
86893
89894
91956
92013
94741
96254
97098
100074
113188
115411
115589
116280
121371
128485
128583
129655
130044
131382
137926
138947
139505
141687
165589
167638
168346
170354
174272
177849
186046
186646
190957
196899
225841
228777
235628
240543
248014
249542
258128
260653
266309
267063
268371
281747
282575
289253
292096
292436
296707
297019
306991
309964
312173
312209
315264
315596
317423
318957
319018
319455
326208
327951
328635
335458
339299
342500
344845
348394
349175
352140
353257
362721
374244
377623
380278
386722
386898
403165
410030
411552
411914
412125
416655
423660
424434
424649
425668
426315
427081
429289
429321
429950
439126
445199
450378
456735
457180
464447
465196
468628
470705
471078
473043
475414
480022
484921
484971
495037
495508
499808
507393
512367
515123
515657
516019
518266
527060
527247
531711
532624
534684
545050
550041
550657
551501
552213
554517
556962
560369
566743
576347
584279
584727
587226
589516
596587
597121
