11977
18058
24954
25078
35672
37069
37546
46054
52143
61188
71235
73949
74290
74400
80457
89894
91956
92013
94741
97098
100074
112212
113188
113784
116280
121371
128485
128583
131382
139505
141038
144982
153115
167638
168346
170354
171908
177849
186046
190957
193064
194827
205028
207097
211434
221603
225841
232745
232851
238834
238904
248014
249542
260653
261959
262946
266309
268371
279148
281747
289253
292096
292436
297019
302407
304861
312173
312209
315264
315596
317423
318957
319018
325226
326208
327742
328635
335458
342296
348394
349175
352140
353257
356713
362721
363041
374244
377623
380278
386898
387650
403165
410030
411552
411914
416655
419916
424434
424649
426315
428966
429321
429950
445199
446358
450378
451731
452501
457180
465196
471078
473043
480022
493493
495037
499341
501397
507393
518266
527060
531711
532624
542941
545050
554517
556962
560369
566743
568753
572414
574884
584279
596359
596587
