1064
1871
1931
3482
3629
3654
3713
4707
5576
5611
6127
6743
6755
6916
7457
7747
7807
8913
10148
10824
10874
11077
11210
11361
11919
12105
12396
12984
14078
14978
15228
15488
16624
16940
17692
18058
18463
18924
20363
20483
21262
21379
22535
25057
25185
25197
25872
26201
27350
27877
28522
29409
30408
32388
32609
32886
34089
34250
34553
35031
36238
36265
37062
37610
37841
37917
39015
39480
39693
39839
40039
40357
40382
40684
40770
40820
42014
42555
42607
43442
43582
43646
45575
46387
46931
47829
48152
48426
49157
49844
50635
50900
51352
51598
51771
51829
52340
53181
56941
57311
57607
60456
60783
60840
61188
62247
64461
65646
65976
66902
67047
68126
68425
68429
69690
70177
72340
73938
73949
74226
75712
75990
76081
76521
77506
77546
77567
77578
78828
80130
80592
80749
80847
81630
83837
85205
86285
87975
88319
89135
91278
92391
92439
92793
93689
94060
94260
95176
95588
95657
95708
96581
96998
97033
97576
99079
100110
100936
101888
101976
102080
102190
102343
102725
102740
103026
103425
103968
104213
104409
105249
105409
105704
105912
106793
107123
107936
108191
108402
108756
108794
109528
109906
110267
111266
111515
112212
112222
112534
113708
114765
115908
117413
117470
118568
119249
119328
119646
120835
124046
124408
125324
126089
127227
127341
128045
128571
128586
128630
130020
130044
131382
131481
132183
133181
133231
133255
133892
134233
136648
137764
137926
139295
139532
140355
140498
140526
140739
140939
141038
141385
142100
142482
142843
144355
144567
144654
145018
145391
145543
146263
146594
146679
146682
147167
147751
147826
148172
148424
148695
149782
149806
150113
151466
152179
152439
152942
154108
154450
155719
157446
157451
158405
158908
158964
160098
160738
161581
161729
162105
162132
163810
164757
165599
165887
165965
167041
167152
167576
169572
170343
170728
171908
171970
172744
173318
174224
175386
175653
176793
177271
178143
178997
179002
180124
180296
180353
180437
180553
182169
182707
187321
188383
188418
188480
188752
189001
189387
189828
190603
191119
192064
192992
193275
194982
195064
195093
195338
195851
196029
196354
196899
197786
198618
200070
200467
202236
202755
202861
202921
204162
206282
206369
206557
207097
208603
209313
211012
211404
211494
211754
212830
213305
213549
213836
213888
213904
214626
215196
219229
219546
219564
219741
220519
220649
221300
221603
221803
222065
222173
222579
222612
222926
223370
223664
223772
223879
223939
224201
224288
224713
224972
225216
226919
227306
227321
228553
229070
229659
229830
230397
231652
231915
232727
232745
232851
233063
233488
234383
234933
235257
235568
235628
236314
236675
236915
237034
237438
237751
238834
239165
240511
241078
241206
241390
241655
241907
241992
242843
243039
243284
245338
246303
248060
248976
250418
251207
252078
252939
253202
253727
254285
254427
255541
255625
255967
256231
256662
257138
257745
258257
258444
258653
259666
259879
260410
260653
261669
261959
262891
262946
263391
263778
263780
264206
264423
265891
266409
266966
266967
267063
267097
268526
269822
270014
270206
270328
271706
271797
272603
272870
273209
273288
273421
273571
274728
274864
275428
276917
279148
279881
279950
281949
282373
282450
282542
282575
283425
283575
283761
284207
284698
285634
287898
288341
289086
289137
289343
289383
289783
291036
292436
293011
293599
294119
295263
295278
296067
296962
297189
297440
298525
298672
299261
301869
302407
302716
302745
303682
303963
304877
305098
305238
306333
306991
307588
308678
309538
309610
309736
309964
310241
310387
310752
312136
313774
313869
313874
314353
314658
315176
315583
317540
318035
318038
320612
321217
321361
321628
322034
322307
323254
323535
325226
325639
325988
326208
326367
326616
327331
327742
327913
328714
328902
328934
330524
331331
331395
331764
332072
334059
334396
334440
334963
335199
335990
336427
336747
336833
337225
338591
338641
339776
340569
340722
340986
341732
342373
342450
342633
342826
344479
344520
344845
345056
345317
345561
345781
346619
346761
348753
348892
350200
353095
353926
354520
355589
355791
355916
356058
356447
356751
357309
357561
357842
357852
357916
358615
359089
359386
361081
363041
363375
363930
364421
364662
364674
365047
365430
365861
366797
367210
367245
367342
367944
368452
368480
368624
369567
370623
371093
372470
374057
375310
375320
375998
376153
376237
376333
376357
377453
378716
379025
379917
380517
381863
383163
383201
383746
385061
386746
389164
389881
390872
390941
391851
392703
393307
393919
394192
395242
395711
396705
396711
396834
397385
398977
399327
399737
400096
400346
400966
403364
404256
405210
405396
405935
406776
407096
409759
410442
410794
411033
411146
411970
412125
413005
414289
414393
415421
415747
417035
417068
417939
419916
420863
421038
421256
421262
421336
421448
421474
421810
423367
423602
423966
424016
424183
424373
424434
424453
424649
424739
425272
425658
427051
427081
427168
428052
428262
428489
428659
428966
429179
430408
431227
431383
432362
432601
433920
435174
435594
436285
436431
436568
436923
437017
438168
438919
439012
439226
440512
441243
441718
442290
442996
443653
444280
445024
446340
446358
446710
446905
449248
449563
450067
450153
450920
451731
451882
452501
452682
453448
453853
454763
456066
456593
456735
457180
457987
458352
459511
459579
460043
460389
460408
461497
461540
462435
462716
463316
463907
464022
464438
465115
465208
465456
466704
467139
468037
468996
470565
471587
471642
472574
474152
474526
474739
474789
475384
475622
475669
475725
475792
476485
476958
477383
477969
478415
479284
481276
482395
482416
483519
484215
484577
484815
484921
485573
485656
485971
486417
486743
487024
487367
487905
489215
489389
492279
492280
492755
494032
494095
494235
494654
494944
495508
495555
495785
496027
496762
497866
498378
499076
499341
499692
499757
501817
503001
503086
504078
504368
504377
504439
505396
505419
506131
506134
506823
507303
507366
507385
507874
508024
509029
509232
510332
511065
511600
512147
512367
512691
512852
512991
513098
514252
514690
515325
515573
515660
515855
516017
516073
516134
516259
516286
516469
516659
517551
518876
518902
520337
521295
521702
521820
521999
522123
522416
522427
523364
523673
524346
525174
526017
528085
528747
528994
529028
529129
529362
529592
529710
530080
531351
533816
534510
535058
535278
535505
536491
537884
540939
541149
541242
541739
541785
542168
542777
543255
544061
545118
545119
545132
545668
546261
546874
547366
547439
547534
547559
548043
548680
549069
549254
549322
549751
549887
549973
550379
550657
550802
551362
551501
551557
551973
552338
552420
554609
555507
555925
557381
557822
558582
558774
559468
560058
560112
560369
560443
560898
560913
561932
561999
562447
562508
563077
563190
564563
564983
565518
566078
566252
566616
566956
567099
567302
567862
567864
569350
569495
570502
570638
571949
572138
572414
573618
573745
574040
574163
574183
574535
574884
575161
575607
575647
575687
576135
577223
578242
578946
579034
579173
580013
580238
580667
582447
583124
583546
584268
584697
584727
585037
586534
586751
587866
588231
588644
588698
588913
588928
588972
589964
590586
590599
591052
591345
592689
592985
595881
596359
596448
596528
596857
597490
598546
