3
10
62
166
170
188
208
280
376
380
408
432
450
893
942
972
1040
1143
1226
1282
1308
1414
1433
1531
1640
1802
1943
2191
2252
2364
2372
2426
2433
2445
2459
2479
2507
2537
2852
2876
2953
2974
3057
3078
3158
3293
3347
3348
3397
3429
3490
3630
3631
3723
3782
3845
3884
3906
4054
4092
4139
4194
4211
4263
4495
4529
4534
4579
4670
4784
4841
4842
4864
4904
4972
5078
5138
5194
5231
5248
5274
5360
5580
5591
5620
5649
5658
5789
5822
5824
5827
5837
5887
5941
5984
6130
6180
6183
6298
6315
6331
6333
6380
6384
6508
6540
6566
6629
6731
6925
7136
7152
7170
7236
7260
7269
7339
7419
7545
7651
7702
7730
7747
7751
7919
7974
8113
8199
8222
8223
8225
8413
8438
8449
8573
8584
8647
8653
8805
8859
8885
8916
9000
9003
9031
9052
9085
9325
9407
9434
9469
9479
9562
9572
9710
9739
9784
9795
9941
10136
10226
10333
10373
10391
10520
10541
10549
10750
10756
10781
10806
10830
10834
10860
10883
10891
10923
11013
11020
11133
11171
11446
11459
11522
11534
11589
11753
11894
11955
11980
12075
12152
12170
12279
12282
12362
12370
12436
12477
12542
12569
12740
12766
12800
12859
12882
12896
12978
13039
13118
13184
13228
13235
13245
13251
13257
13343
13573
13690
13816
13906
14067
14112
14140
14220
14404
14416
14641
14658
14711
14714
14789
14811
14851
14890
14926
14946
14972
15098
15211
15244
15349
15380
15427
15488
15518
15519
15543
15613
15716
15752
15812
15841
15861
16019
16104
16106
16281
16381
16424
16455
16456
16459
16462
16484
16681
16873
16875
16880
16918
16921
17020
17051
17055
17204
17323
17552
17597
17737
17851
17903
18043
18054
18060
18198
18291
18566
18585
18660
18699
18759
18771
18784
18798
18827
18851
18974
19051
19086
19106
19135
19356
19374
19377
19385
19466
19532
19712
19762
19775
19789
19794
19820
19938
20010
20066
20077
20107
20126
20232
20246
20275
20353
20519
20628
20662
20789
21013
21122
21158
21171
21185
21323
21349
21351
21398
21484
21588
21632
21676
21688
21696
21742
22094
22156
22199
22249
22273
22396
22405
22492
22633
22699
22780
22865
22907
22925
23279
23287
23343
23426
23472
23528
23630
23721
23764
23766
23822
23875
24109
24179
24234
24359
24377
24398
24431
24470
24489
24521
24546
24550
24613
24622
24639
24909
25017
25289
25319
25399
25574
25596
25622
25722
25858
25951
25985
26124
26149
26154
26463
26473
26499
26568
26577
26638
26640
26722
26892
26904
26917
27084
27086
27385
27454
27541
27660
27666
27746
27780
27859
27912
28094
28154
28327
28332
28355
28371
28372
28377
28488
28508
28513
28532
28547
28592
28625
28681
28800
28859
28904
28906
29110
29126
29136
29159
29208
29247
29319
29325
29342
29417
29478
29530
29770
29850
29989
30010
30091
30131
30191
30198
30202
30279
30446
30786
30922
31010
31083
31129
31229
31473
31565
31658
31706
31727
31761
31799
31829
31830
31851
31887
31892
31923
31926
31949
31962
31977
32167
32274
32321
32391
32534
32758
32780
32796
32838
32854
32968
33052
33057
33074
33143
33242
33289
33363
33451
33633
33748
33796
33824
33844
33864
33914
33925
33963
34005
34006
34054
34156
34306
34310
34399
34402
34408
34513
34566
34792
34801
34979
35007
35040
35059
35078
35101
35179
35194
35203
35266
35273
35274
35375
35483
35589
35612
35681
35717
35719
35852
35856
35889
36138
36142
36199
36227
36311
36344
36364
36434
36554
36581
36792
36968
36975
37411
37430
37557
37591
37646
37712
37720
37889
37960
38042
38239
38247
38308
38326
38632
38762
38884
38908
38934
38944
38998
39111
39123
39124
39155
39261
39273
39282
39351
39362
39415
39494
39500
39511
39515
39652
39699
39713
39813
39835
39913
40079
40190
40246
40362
40370
40557
40578
40759
40866
40872
40890
40924
41004
41123
41167
41174
41182
41191
41334
41433
41586
41708
41751
41836
41874
41958
41980
42002
42008
42015
42074
42168
42304
42519
42548
42625
42676
42748
42766
42773
42876
42944
43015
43029
43040
43047
43050
43184
43265
43284
43346
43379
43399
43449
43519
43590
43594
43625
43736
43816
43905
43970
44030
44050
44115
44318
44422
44459
44526
45006
45023
45068
45074
45104
45134
45211
45250
45341
45415
45456
45498
45529
45547
45579
45712
45740
45905
45910
45912
46003
46020
46085
46094
46221
46242
46267
46321
46429
46493
46582
46658
46688
46737
46800
46862
46945
46961
47006
47055
47139
47221
47231
47243
47345
47418
47474
47547
47574
47579
47597
47600
47635
47686
47720
47753
47783
47889
47938
48187
48188
48354
48369
48390
48434
48453
48484
48556
48645
48646
48778
48872
48893
49044
49164
49197
49540
49576
49621
49723
49866
49886
50022
50241
50254
50567
50633
50663
50699
50719
50793
50943
50945
51006
51137
51159
51177
51181
51259
51422
51519
51526
51625
51636
51681
51717
51829
51886
51909
52000
52075
52082
52099
52213
52289
52321
52513
52590
52628
52691
52729
52739
52788
52847
52849
52881
52953
53006
53127
53151
53180
53187
53226
53231
53290
53336
53446
53490
53573
53634
53641
53757
53836
54073
54159
54182
54276
54278
54280
54416
54465
54594
54637
54718
54786
54851
55014
55074
55175
55177
55213
55237
55250
55308
55389
55423
55575
55630
55642
55719
55853
55866
55891
56056
56107
56148
56153
56160
56293
56366
56411
56422
56433
56474
56495
56628
57000
57024
57034
57062
57087
57214
57226
57253
57273
57290
57453
57462
57496
57600
57800
57816
57859
57896
58068
58091
58217
58269
58277
58389
58605
58706
58755
58858
58938
58973
59215
59218
59230
59246
59250
59288
59386
59481
59560
59718
59736
59913
59969
60010
60048
60069
60098
60132
60211
60244
60263
60281
60391
60503
60519
60527
60783
60791
60846
60900
60921
61108
61150
61185
61211
61236
61254
61329
61415
61472
61497
61511
61589
61607
61665
61707
61942
62158
62231
62405
62407
62415
62425
62613
62733
62751
62754
62757
62790
62828
62887
62931
63088
63183
63190
63205
63221
63301
63306
63387
63618
63677
63958
64047
64070
64140
64284
64300
64465
64627
64742
64743
64803
64840
64845
64867
64943
64951
65021
65066
65136
65140
65193
65229
65251
65536
65660
65720
65853
65900
65937
66147
66155
66203
66223
66324
66423
66568
66648
66669
66813
66867
66882
66988
67031
67107
67169
67194
67231
67398
67454
67470
67488
67506
67508
67560
67608
67778
67858
67894
67968
68136
68171
68205
68224
68252
68422
68519
68529
68715
68746
68769
68946
68992
69148
69229
69375
69402
69455
69546
69556
69593
69620
69645
69666
69686
69700
69764
69887
69923
69931
70006
70040
70181
70246
70296
70360
70369
70391
70422
70432
70472
70478
70566
70609
70640
70743
70764
70777
70801
70806
70883
71045
71147
71210
71252
71364
71475
71572
71702
71705
71713
71860
71873
71970
72115
72264
72292
72294
72320
72434
72519
72521
72615
72907
72976
73025
73066
73155
73168
73251
73351
73382
73594
73630
73678
73684
73696
73787
73877
73953
74038
74105
74297
74423
74585
74701
74703
74872
74965
75021
75155
75170
75176
75259
75407
75417
75457
75482
75594
75616
75644
75669
75695
75916
75941
75965
75985
76017
76019
76056
76081
76095
76212
76244
76292
76322
76363
76445
76486
76520
76561
76579
76637
76730
76752
76881
76902
76910
76936
77114
77180
77293
77313
77392
77451
77505
77574
77655
77843
77877
77899
77915
78261
78267
78393
78441
78461
78596
78620
78643
78696
78707
78791
78810
78829
78890
79027
79052
79126
79141
79182
79443
79508
79515
79519
79546
79548
79579
79847
80049
80202
80354
80518
80627
80634
80666
80741
80826
80839
80865
80929
81014
81138
81255
81343
81349
81384
81412
81440
81546
81551
81654
81677
81682
81709
81751
81768
81849
81855
81887
81922
81940
82040
82135
82192
82300
82364
82437
82486
82589
82601
82647
82651
82658
82875
82938
82980
83039
83075
83076
83096
83318
83364
83370
83399
83477
83768
83921
84012
84026
84049
84070
84115
84121
84156
84177
84209
84445
84597
84715
84724
84816
84998
85226
85250
85285
85329
85370
85549
85678
85799
85807
85848
85855
86013
86289
86353
86377
86556
86558
86608
86802
86821
86969
86984
87037
87046
87164
87254
87270
87313
87346
87560
87598
87615
87632
87639
87735
87814
87886
88036
88037
88064
88082
88199
88275
88730
88885
88925
88983
89171
89331
89559
89568
89678
90035
90126
90152
90173
90175
90225
90301
90340
90358
90367
90539
90540
90591
90687
90726
90813
90881
90912
91113
91159
91189
91228
91290
91481
91483
91546
91588
91589
91682
91702
91769
91856
91922
91946
91958
92005
92024
92061
92080
92177
92257
92273
92282
92456
92461
92549
92649
92726
92886
92939
93044
93113
93123
93186
93228
93346
93445
93490
93624
93677
93755
93766
93782
93894
93901
93958
93989
94054
94069
94237
94247
94411
94576
94595
94621
94752
94789
94827
94842
94925
94974
95053
95203
95227
95277
95449
95483
95491
95541
95563
95710
95764
95933
95939
96130
96257
96329
96398
96519
96631
96637
96651
96704
96764
96808
96813
96921
96931
97012
97025
97035
97043
97139
97301
97381
97399
97410
97482
97569
97625
97660
97679
97701
97704
97709
97766
97806
97843
97949
98030
98103
98146
98157
98240
98289
98335
98337
98385
98388
98416
98421
98435
98439
98449
98635
98641
98906
98943
99051
99120
99259
99268
99289
99331
99417
99504
99546
99567
99594
99640
99695
99779
99805
99818
99947
99964
99992
100053
100179
100409
100629
100727
100749
100796
100844
100897
100984
101074
101122
101285
101344
101379
101433
101464
101479
101507
101543
101584
101684
101755
101781
101972
102300
102317
102322
102338
102418
102528
102752
102952
103044
103124
103266
103368
103567
103574
103593
103618
103712
103871
103881
103929
104031
104059
104201
104202
104283
104298
104326
104374
104496
104539
104559
104662
104754
104787
104888
104905
105021
105103
105174
105205
105368
105450
105462
105671
105683
105701
105802
105810
105823
105826
105920
105924
105975
105983
106100
106123
106179
106271
106347
106392
106410
106466
106484
106520
106526
106601
106694
106714
106817
106846
106884
106923
106954
107026
107064
107074
107110
107111
107171
107201
107252
107281
107401
107480
107589
107644
107687
107706
107756
107804
108000
108021
108173
108187
108224
108358
108364
108408
108535
108750
108753
108818
108845
108887
108896
108925
108927
108939
109005
109035
109132
109165
109188
109481
109633
109859
110212
110285
110291
110307
110362
110473
110568
110593
110603
110605
110658
110795
110861
110883
111381
111478
111527
111642
111668
111734
111839
111999
112032
112133
112171
112224
112291
112372
112387
112463
112494
112497
112522
112615
112636
112816
112889
112910
112979
113125
113153
113227
113263
113264
113288
113497
113539
113544
113567
113668
113809
113814
113871
113941
113945
113995
114097
114113
114154
114293
114402
114475
114498
114803
114898
114917
115060
115084
115148
115304
115312
115428
115468
115471
115598
115864
115869
115957
115983
116099
116132
116137
116210
116261
116283
116522
116587
116594
116652
116668
116669
116738
116844
116858
116895
116910
116967
116975
116985
117048
117059
117094
117108
117118
117120
117190
117203
117214
117241
117264
117274
117329
117364
117378
117437
117490
117561
117710
117728
117802
117878
117929
118000
118003
118052
118110
118361
118495
118573
118635
118644
118652
118827
119031
119132
119199
119220
119249
119256
119273
119337
119344
119378
119521
119594
119866
120023
120052
120074
120078
120119
120137
120553
120566
120638
120737
120813
120822
120840
120894
120914
120948
121052
121209
121416
121425
121470
121559
121569
121581
121631
121661
121693
121706
121708
121710
121745
121870
121992
122032
122052
122066
122232
122310
122442
122550
122552
122575
122584
122617
122642
122694
122764
122800
122828
122942
123029
123130
123182
123288
123528
123536
123950
123964
123985
124028
124078
124293
124346
124475
124508
124540
124557
124646
124749
124795
124817
124839
124866
124965
125092
125110
125256
125296
125328
125356
125393
125452
125516
125590
125594
125607
125630
125647
125923
125972
126013
126016
126073
126137
126182
126279
126289
126430
126437
126510
126557
126641
126759
126822
126931
126942
126958
127007
127194
127253
127269
127304
127347
127377
127436
127475
127511
127550
127551
127552
127589
127620
127759
127775
127826
127839
127873
127990
128149
128184
128275
128329
128343
128349
128360
128372
128571
128595
128608
128635
128654
128692
128757
128823
128867
128937
128977
128992
129015
129029
129105
129157
129185
129188
129216
129231
129275
129413
129421
129562
129655
129667
129759
129954
129991
130069
130106
130223
130419
130525
130538
130597
130784
130862
130988
131013
131241
131394
131434
131461
131462
131501
131509
131595
131666
131704
131755
131764
131810
131917
132028
132115
132337
132435
132465
132494
132501
132605
132633
132733
132850
132875
132893
133000
133112
133160
133206
133253
133293
133319
133365
133379
133551
133632
133802
133811
134110
134195
134494
134538
134609
134731
134743
134820
134868
134875
134967
134998
135052
135083
135102
135106
135126
135133
135189
135284
135363
135442
135478
135491
135550
135563
135587
135743
135968
136045
136072
136076
136079
136106
136276
136363
136371
136374
136443
136514
136589
136715
136735
136738
136825
136910
137080
137118
137134
137137
137175
137233
137321
137347
137356
137385
137411
137428
137433
137531
137701
137801
137808
137926
137930
138227
138262
138287
138360
138389
138416
138451
138492
138521
138557
138558
138603
138649
138687
138696
138749
138766
138769
138824
138846
138879
138894
139076
139084
139144
139254
139306
139348
139371
139501
139614
139745
139790
139981
140033
140221
140382
140408
140445
140583
140706
140802
140921
141053
141063
141079
141155
141157
141197
141248
141255
141262
141308
141418
141512
141541
141668
141783
142012
142148
142233
142277
142300
142476
142505
142591
142631
142749
142857
142999
143018
143023
143045
143084
143091
143149
143192
143274
143320
143367
143416
143424
143441
143517
143632
143663
143807
143836
144008
144168
144175
144302
144422
144433
144461
144633
144769
144846
144904
144918
144958
145097
145169
145207
145263
145411
145416
145466
145471
145665
145666
145680
145818
145839
145940
145963
146013
146047
146076
146176
146223
146256
146390
146582
146615
146721
146796
147044
147139
147197
147204
147275
147289
147301
147366
147415
147528
147570
147663
147895
147928
147971
148174
148253
148406
148466
148473
148633
148717
148750
148791
149067
149079
149127
149239
149320
149346
149430
149491
149609
149610
149627
149662
149709
149855
149875
150026
150067
150068
150129
150218
150237
150298
150310
150386
150472
150589
150636
150662
150677
150706
150708
150711
150840
150958
150977
151008
151025
151102
151111
151171
151212
151274
151373
151450
151761
151765
151777
151840
151846
151927
152001
152101
152134
152262
152309
152353
152371
152439
152473
152549
152625
152715
152792
152884
152912
152997
153003
153025
153060
153075
153160
153172
153284
153364
153404
153406
153422
153470
153472
153488
153534
153582
153617
153618
153688
153801
153813
153839
153914
154140
154277
154338
154363
154421
154555
154580
154690
154714
154737
154782
154783
154991
155136
155262
155358
155520
155521
155604
155896
155930
155987
156069
156156
156183
156239
156310
156348
156371
156373
156379
156499
156572
156573
156604
156613
156740
156897
157035
157128
157153
157263
157266
157284
157295
157389
157430
157434
157452
157471
157515
157520
157531
157632
157704
157766
157792
157908
157965
158243
158247
158295
158374
158381
158470
158482
158497
158500
158537
158560
158572
158580
158582
158604
158645
158666
158690
158825
158834
158837
158956
159114
159160
159191
159271
159436
159597
159637
159657
159721
159809
159816
159821
159893
159895
159959
159969
159975
160049
160093
160238
160322
160422
160751
160895
160903
160917
160920
161210
161291
161395
161640
161641
161705
161727
161762
161787
162009
162063
162064
162089
162119
162190
162245
162248
162279
162462
162505
162513
162518
162527
162531
162558
162602
162624
162773
162796
162798
162828
163078
163162
163178
163181
163231
163299
163347
163350
163439
163482
163524
163540
163693
163698
163700
163755
163799
163886
164026
164089
164118
164145
164152
164189
164297
164352
164442
164689
164738
164800
164805
164808
164828
164892
164955
164959
164970
164993
165044
165072
165092
165155
165217
165681
165770
165791
165796
165917
165969
166009
166038
166045
166055
166460
166471
166517
166602
166608
166616
166786
166838
166891
166972
167003
167071
167107
167201
167331
167412
167417
167429
167474
167719
168104
168138
168194
168197
168223
168228
168270
168394
168434
168443
168459
168546
168621
168643
168766
168981
169019
169048
169057
169120
169157
169179
169201
169241
169354
169357
169544
169557
169656
169665
169686
169714
169746
169768
169885
169970
170014
170189
170196
170277
170323
170464
170555
170580
170596
170703
170750
170835
170868
170902
170951
170961
171080
171185
171288
171293
171355
171369
171479
171561
171631
171875
171921
172103
172125
172159
172195
172220
172226
172266
172279
172294
172380
172763
172876
173002
173084
173135
173212
173254
173352
173405
173430
173473
173506
173567
173584
173724
173755
173852
173900
173974
173980
174028
174109
174139
174183
174259
174354
174355
174365
174421
174478
174488
174508
174528
174544
174557
174719
174780
175011
175060
175088
175137
175140
175167
175188
175235
175292
175456
175488
175647
175699
175840
175953
176002
176025
176114
176231
176233
176348
176515
176558
176636
176660
176830
176882
176895
176915
176986
177034
177173
177314
177504
177583
177662
177669
177706
177869
177906
177918
177928
177952
177985
178019
178222
178299
178319
178366
178431
178463
178622
178821
178910
178926
178976
179017
179018
179084
179207
179336
179366
179603
179627
179638
179793
179794
179938
179964
180015
180198
180251
180306
180364
180375
180491
180500
180520
180635
180754
180914
180974
181048
181058
181061
181068
181207
181518
181523
181605
181753
181795
181833
181847
181946
182054
182073
182112
182131
182151
182206
182250
182304
182305
182308
182384
182532
182603
182643
182668
182815
182901
182910
182930
183047
183216
183217
183353
183380
183588
183599
183864
183965
183981
183992
184024
184109
184195
184201
184338
184471
184511
184523
184538
184567
184707
184801
185049
185141
185285
185318
185361
185413
185491
185654
185767
185841
185920
186004
186069
186094
186219
186235
186243
186411
186506
186522
186526
186802
186803
186882
186970
186991
187038
187043
187087
187133
187313
187581
187584
187585
187775
187828
187849
187863
187893
187958
188064
188075
188119
188243
188370
188563
188583
188603
188718
188782
188858
188877
188898
188908
188911
189032
189208
189310
189350
189380
189436
189457
189489
189576
189713
189826
189842
189846
189923
189932
190068
190135
190266
190272
190290
190338
190468
190470
190586
190613
190844
190892
190931
191100
191116
191136
191243
191294
191377
191416
191422
191586
191684
191742
191763
191773
191789
192014
192064
192112
192318
192347
192441
192447
192470
192556
192664
192799
192969
192973
192981
193045
193196
193211
193262
193328
193434
193474
193488
193630
193650
193652
193654
193721
193799
193806
193840
193956
193985
194097
194264
194268
194506
194556
194565
194580
194613
194640
194797
194882
194904
194979
194982
195004
195047
195075
195116
195179
195244
195326
195524
195610
195642
195920
195952
196019
196063
196074
196098
196189
196355
196356
196362
196424
196444
196512
196562
196784
196827
196830
196851
196902
196910
197074
197148
197250
197256
197288
197341
197351
197460
197502
197607
197812
197833
197927
198031
198126
198160
198195
198239
198285
198313
198361
198412
198485
198512
198588
198594
198693
198762
198776
198786
198878
198888
199016
199088
199101
199158
199191
199217
199431
199729
199752
199799
199931
200047
200119
200163
200227
200330
200342
200354
200587
200763
200885
200935
201009
201037
201046
201083
201148
201224
201285
201293
201342
201402
201404
201434
201518
201568
201648
201651
201661
201669
201714
201748
201774
201836
201998
202054
202121
202154
202160
202203
202244
202374
202464
202496
202504
202553
202626
202819
203038
203270
203383
203426
203434
203490
203527
203705
203868
204026
204039
204057
204186
204197
204305
204384
204424
204443
204609
204619
204729
204747
204773
204781
204827
204832
204928
205108
205115
205162
205248
205321
205462
205474
205564
205598
205605
205680
205685
205815
205859
205919
205975
206020
206058
206067
206090
206217
206397
206503
206585
206708
206827
206856
206963
207005
207183
207337
207362
207443
207460
207506
207537
207567
207670
207682
207686
207687
207847
207902
207903
207904
207920
207973
208025
208051
208132
208150
208208
208209
208265
208269
208296
208327
208449
208551
208560
208683
208818
209284
209316
209474
209509
209711
209712
209833
209896
210033
210113
210125
210153
210167
210245
210325
210343
210461
210478
210741
210871
210883
210904
210952
211096
211115
211234
211298
211369
211403
211526
211597
211640
211704
211732
211835
211839
211933
212076
212171
212186
212203
212293
212347
212407
212446
212462
212543
212597
212625
212768
212782
212789
212797
212835
212875
213047
213216
213235
213252
213333
213345
213615
213628
213661
213692
213748
213806
213847
213854
213902
213918
214043
214164
214220
214237
214261
214279
214331
214352
214400
214513
214550
214758
215030
215042
215102
215165
215233
215242
215318
215331
215379
215441
215586
215630
215663
215669
215708
215709
215749
215984
216003
216196
216260
216391
216526
216534
216591
216625
216714
216821
216834
216870
217077
217126
217135
217224
217233
217253
217321
217364
217447
217592
217598
217606
217658
217730
217926
217942
217948
218025
218039
218177
218204
218230
218240
218307
218331
218333
218374
218379
218445
218539
218735
218756
218830
218889
218960
218965
219075
219103
219109
219141
219167
219204
219308
219363
219396
219460
219494
219531
219576
219601
219649
219697
219761
219797
219898
219921
219940
220018
220102
220107
220111
220156
220218
220251
220305
220332
220387
220436
220446
220560
220794
220807
220844
221003
221005
221010
221014
221195
221225
221661
221757
221827
221924
221959
221997
222287
222334
222343
222363
222388
222428
222625
222629
222687
222798
222840
222902
222913
223041
223083
223101
223163
223462
223486
223499
223568
223742
223766
224115
224226
224235
224262
224272
224366
224394
224397
224476
224624
224691
224714
224787
224842
224844
224877
225155
225240
225280
225329
225371
225375
225416
225417
225451
225463
225617
225658
225676
225856
225908
226084
226095
226107
226171
226195
226280
226397
226429
226504
226625
226659
226675
226715
226762
226796
226806
226843
226893
226975
226984
227112
227382
227386
227470
227478
227521
227601
227623
227642
227655
227825
227889
228038
228132
228221
228381
228409
228413
228418
228539
228609
228681
228758
228774
228918
229152
229164
229248
229399
229447
229523
229541
229548
229617
229641
229647
229657
229890
230103
230131
230132
230140
230149
230169
230200
230310
230326
230351
230352
230362
230560
230786
230841
230860
230878
230915
230984
231016
231069
231128
231245
231261
231303
231651
231689
231807
231847
231907
231918
231980
232028
232037
232076
232151
232185
232382
232413
232450
232572
232729
232741
232743
232899
232925
232933
232976
233039
233041
233063
233218
233296
233324
233352
233468
233542
233609
233705
233759
233773
233886
233939
234107
234177
234256
234544
234603
234779
234853
235073
235075
235154
235199
235207
235250
235297
235326
235332
235358
235478
235502
235546
235628
235686
235734
235821
235823
235927
235935
235945
236084
236111
236157
236195
236311
236383
236470
236507
236514
236657
236718
236739
236749
236754
236813
236908
237135
237145
237156
237195
237217
237224
237259
237288
237318
237399
237475
237549
237572
237593
237663
237677
237852
237884
237908
237915
237918
237962
238031
238402
238490
238636
238663
238683
238691
238694
238751
238848
239048
239071
239230
239247
239412
239462
239598
239800
239966
239995
240116
240167
240188
240213
240245
240272
240385
240461
240526
240589
240631
240662
240847
240966
241011
241025
241050
241125
241209
241230
241278
241324
241355
241410
241415
241428
241441
241505
241515
241571
241608
241631
241681
241708
241714
241734
241840
241940
242097
242099
242181
242571
242577
242682
242697
242702
242742
243133
243151
243156
243174
243198
243218
243285
243306
243405
243585
243597
243599
243600
243729
243766
243889
243918
243941
243992
244031
244084
244254
244346
244362
244381
244506
244764
244888
244909
244964
245041
245171
245199
245263
245293
245331
245366
245564
245629
245685
245759
245899
245901
245916
245924
245953
246006
246022
246036
246119
246125
246148
246167
246224
246305
246316
246327
246359
246485
246612
246619
246677
246885
247003
247006
247009
247022
247047
247155
247271
247287
247320
247517
247529
247580
247678
247688
247834
247883
247885
247991
248151
248159
248163
248300
248402
248500
248779
248832
248933
248988
249146
249238
249358
249434
249687
249768
249912
250159
250199
250209
250226
250242
250465
250549
250708
250729
250832
250861
250942
251005
251092
251146
251174
251285
251314
251366
251447
251508
251550
251563
251916
251957
252223
252264
252316
252350
252366
252446
252469
252486
252745
252753
252953
252990
253015
253129
253297
253390
253661
253770
253944
254013
254047
254077
254321
254329
254330
254336
254383
254448
254478
254506
254612
254786
254855
254870
254921
254977
255073
255227
255278
255305
255360
255389
255468
255671
255786
255847
255909
255948
256024
256294
256328
256350
256377
256386
256428
256433
256500
256543
256544
256597
256613
256641
256758
256842
256958
257060
257227
257241
257247
257262
257370
257450
257564
257599
257716
257737
257773
257861
257938
257988
257994
257998
258032
258062
258140
258570
258608
258643
258746
258804
258851
258856
258858
258898
259050
259076
259093
259109
259121
259264
259313
259429
259479
259582
259625
259705
259717
259725
259754
259876
260046
260119
260153
260155
260156
260186
260199
260249
260263
260419
260504
260515
260581
260592
260594
260619
260740
260908
260938
260988
261068
261093
261115
261120
261126
261144
261174
261180
261192
261199
261293
261309
261440
261456
261481
261550
261573
261594
261628
261739
261767
261871
261904
261905
262046
262112
262218
262259
262311
262384
262413
262438
262487
262498
262505
262510
262807
262836
262859
262864
262871
262897
262916
262931
263076
263176
263223
263255
263315
263344
263379
263441
263640
263662
263683
263698
263712
263721
263730
263739
263780
263831
263857
263973
264001
264071
264072
264134
264149
264176
264276
264278
264280
264291
264292
264323
264359
264406
264476
264538
264791
264859
264923
265052
265106
265401
265498
265533
265569
265742
265790
265819
265900
265903
265914
265923
266014
266042
266180
266350
266817
266824
266834
266852
267014
267063
267079
267090
267114
267153
267258
267277
267411
267502
267504
267605
267619
267683
267705
267794
267910
267921
267922
268173
268244
268307
268325
268368
268385
268472
268484
268607
268615
268673
268739
269047
269062
269083
269106
269119
269121
269160
269166
269249
269334
269422
269486
269545
269566
269583
269649
269655
269822
269989
270037
270065
270076
270161
270198
270228
270246
270265
270390
270629
270729
270783
270817
270999
271091
271119
271185
271372
271398
271420
271486
271520
271611
271629
271697
271802
271860
271935
272136
272212
272248
272324
272330
272683
272775
272835
272874
272914
272917
272937
273112
273160
273163
273227
273239
273260
273265
273311
273349
273387
273392
273429
273478
273495
273528
273545
273678
273692
273703
273715
273945
273989
274232
274260
274298
274322
274400
274410
274423
274468
274496
274519
274522
274554
274612
274647
274703
274782
274793
274811
274832
274843
275000
275025
275133
275183
275205
275230
275272
275292
275480
275549
275593
275641
275643
275683
275705
275739
275741
275807
275993
276049
276114
276133
276180
276308
276310
276430
276468
276491
276514
276586
276706
276766
276787
276923
276980
277026
277104
277164
277177
277252
277263
277312
277396
277574
277622
277624
277628
277642
277657
277731
277790
277843
277886
277891
277901
277938
277963
277992
277995
278066
278186
278188
278329
278364
278418
278425
278591
278600
278608
278639
278738
278783
278800
278806
278821
278856
279003
279018
279112
279135
279181
279261
279276
279285
279347
279368
279372
279384
279389
279465
279467
279725
279726
279896
279902
280084
280138
280198
280278
280335
280444
280474
280803
280813
280971
280984
281033
281034
281053
281120
281130
281163
281411
281443
281458
281497
281519
281616
281658
281672
281683
281742
281746
281760
281925
282001
282050
282101
282219
282247
282317
282379
282479
282505
282511
282575
282654
282720
282726
282752
282808
283014
283040
283078
283146
283252
283305
283315
283336
283421
283550
283621
283669
283704
283734
283751
283863
283865
283870
284171
284285
284340
284357
284386
284403
284545
284603
284637
284664
284685
284688
284740
284911
284954
285028
285092
285171
285183
285222
285235
285449
285505
285535
285545
285663
285789
285796
285887
285912
285952
286125
286332
286503
286797
286826
286957
286973
287047
287051
287079
287097
287116
287157
287373
287413
287477
287497
287560
287578
287594
287684
287705
287727
287752
287782
287784
288100
288129
288159
288178
288212
288229
288299
288331
288395
288414
288552
288577
288843
288944
288986
289002
289091
289312
289370
289397
289517
289539
289725
289738
289808
289842
289864
289874
289891
290013
290019
290098
290344
290511
290739
290767
290798
290881
291129
291186
291229
291272
291331
291356
291364
291475
291640
291774
291956
292011
292267
292338
292340
292347
292501
292526
292575
292625
292663
292704
292762
292951
293128
293164
293211
293226
293234
293251
293252
293319
293389
293407
293493
293656
293899
293975
294085
294156
294159
294194
294252
294268
294318
294383
294440
294456
294506
294553
294614
294693
294699
294791
294799
294817
294957
295018
295229
295320
295388
295587
295663
295707
295724
295743
295749
295763
295839
295975
296095
296205
296239
296277
296390
296395
296478
296486
296723
296798
296851
296886
296920
296947
296957
296972
297054
297133
297139
297179
297206
297218
297352
297443
297453
297476
297491
297627
297787
297920
297945
297948
297949
297977
297986
298002
298003
298109
298188
298206
298244
298384
298418
298435
298506
298534
298575
298701
298809
298897
298913
298966
299106
299235
299267
299274
299290
299393
299506
299624
299659
299695
299739
299741
299981
300058
300200
300328
300337
300362
300466
300502
300670
300740
300877
300891
300948
301064
301147
301161
301173
301577
301580
301656
301693
301802
301825
301828
301843
301964
301991
302270
302277
302298
302301
302374
302419
302479
302489
302543
302574
302599
302635
302645
302886
302973
302978
303189
303270
303329
303379
303400
303484
303613
303618
303793
303822
303857
303865
303908
303937
303957
303973
304020
304047
304104
304169
304234
304265
304287
304324
304333
304337
304352
304364
304405
304462
304484
304490
304497
304568
304601
304604
304631
304732
304777
304778
305018
305034
305296
305426
305429
305492
305551
305554
305568
305782
305823
305883
305885
305905
305917
305951
305988
306041
306053
306057
306104
306200
306298
306342
306378
306389
306482
306488
306640
306758
306843
306914
306964
306991
306999
307023
307128
307229
307239
307244
307301
307360
307367
307435
307469
307596
307653
307840
307860
307869
307929
307953
308209
308214
308256
308265
308329
308403
308416
308532
308662
308731
308741
308747
308807
308861
308936
308949
309001
309196
309205
309269
309300
309352
309443
309445
309580
309582
309629
309650
309704
309794
309879
309964
310072
310082
310195
310438
310463
310511
310536
310706
310774
310797
310816
310901
310951
310955
310996
311023
311102
311127
311274
311430
311438
311459
311573
311675
311728
311730
311742
311765
311871
311978
312037
312040
312198
312250
312301
312309
312310
312404
312489
312552
312748
312751
312856
312919
312952
313120
313143
313290
313339
313398
313512
313569
313626
313632
313639
313656
313888
313914
313936
313939
313958
314089
314129
314151
314168
314175
314190
314388
314459
314537
314671
314698
314776
314780
314849
314929
314975
315157
315225
315244
315391
315479
315532
315561
315627
315729
315780
315792
315834
315892
315904
315919
316125
316158
316329
316495
316523
316549
316676
316739
316774
316807
316863
316988
317021
317209
317313
317396
317469
317483
317605
317733
317798
317819
317849
317854
317870
317965
318085
318122
318169
318212
318344
318350
318409
318428
318449
318498
318508
318533
318541
318588
318669
318731
318754
318776
318818
318849
318855
318906
318956
319007
319014
319019
319108
319222
319291
319307
319337
319412
319495
319589
319633
319671
319725
319733
319762
319804
319924
320034
320141
320204
320253
320319
320353
320431
320439
320476
320684
320744
320769
320837
320854
320915
321013
321059
321133
321233
321371
321536
321593
321594
321615
321617
321647
321748
321842
321920
321981
322038
322126
322133
322174
322210
322372
322698
322795
322843
322919
322981
323043
323285
323293
323313
323404
323510
323542
323564
323651
323679
323717
323771
323798
323859
323935
323949
324004
324104
324203
324208
324278
324345
324384
324451
324493
324529
324657
324699
324718
324838
324865
324888
324906
325001
325022
325126
325131
325158
325172
325197
325219
325348
325397
325399
325409
325419
325443
325538
325542
325579
325587
325723
325814
325966
325989
326082
326192
326230
326233
326246
326290
326534
326570
326678
326685
326753
326821
326855
326998
327018
327029
327084
327102
327110
327125
327156
327175
327283
327307
327432
327482
327562
327604
327620
327811
327849
327894
327994
328172
328225
328280
328466
328476
328509
328522
328531
328867
328891
328961
329012
329052
329089
329156
329163
329317
329483
329520
329533
329611
329661
329769
330002
330116
330183
330261
330442
330480
330537
330560
330577
330626
330661
330691
330729
330825
330852
330956
331009
331092
331098
331160
331270
331275
331355
331434
331449
331483
331592
331924
332053
332112
332229
332342
332398
332443
332525
332583
332672
332692
332704
332740
332805
332814
332831
332871
332883
332986
333033
333138
333150
333201
333240
333295
333298
333345
333358
333374
333562
333670
333756
333810
333873
333878
333900
333957
333969
333996
334025
334107
334137
334288
334317
334336
334404
334490
334549
334610
334740
334755
334781
334782
334786
334848
334976
334998
335021
335036
335137
335148
335149
335178
335248
335317
335364
335381
335407
335438
335449
335511
335570
335592
335629
335711
335912
335957
336100
336158
336186
336213
336248
336334
336385
336451
336468
336534
336541
336592
336629
336680
336690
336778
336801
336806
336833
336920
336935
336938
336978
337044
337069
337109
337121
337141
337155
337288
337354
337412
337464
337519
337622
337638
337658
337717
337760
337765
337773
337817
337945
337958
337995
338026
338070
338087
338107
338137
338215
338241
338304
338310
338328
338361
338471
338490
338542
338553
338634
338867
338876
338916
338935
338976
338984
339074
339358
339392
339397
339433
339500
339502
339507
339517
339547
339552
339594
339691
339812
339831
339938
340038
340186
340259
340407
340615
340624
340629
340641
340707
340766
340784
340971
340977
341006
341075
341137
341175
341265
341332
341579
341600
341634
341683
341694
341703
342069
342173
342329
342360
342424
342432
342451
342458
342511
342655
342731
342741
342859
342868
342912
342917
342937
342939
343050
343063
343088
343153
343183
343201
343208
343245
343267
343277
343432
343474
343608
343618
343635
343637
343661
343774
343812
343814
343935
343953
344006
344014
344200
344280
344501
344575
344712
344813
344838
344845
344869
344881
344883
344927
345003
345074
345122
345176
345224
345321
345326
345360
345676
345745
345787
345819
345930
345937
346002
346062
346155
346287
346359
346428
346457
346512
346632
346684
346691
346722
346739
346785
346860
346890
346966
347060
347100
347150
347254
347265
347413
347426
347446
347451
347567
347622
347706
347788
347934
347970
348027
348154
348177
348179
348249
348328
348363
348764
348812
348954
349150
349265
349266
349371
349423
349472
349479
349519
349559
349594
349644
349662
349756
349865
349960
350026
350029
350194
350315
350414
350476
350567
350686
350719
350859
350964
351006
351039
351127
351178
351488
351553
351556
351580
351644
351690
351830
351863
351914
352020
352064
352105
352107
352147
352166
352201
352230
352232
352256
352283
352427
352493
352565
352601
352834
352860
352922
352930
352944
353003
353070
353109
353143
353235
353328
353385
353399
353610
353641
353642
353800
353809
353843
353872
353911
354289
354440
354454
354582
354591
354688
354692
354857
354906
354945
355052
355069
355152
355186
355225
355359
355368
355407
355932
356033
356061
356230
356285
356310
356323
356482
356543
356563
356571
356699
356722
356740
357208
357231
357334
357364
357431
357440
357447
357552
357735
357750
357833
357836
357860
357934
358025
358030
358106
358169
358276
358417
358470
358485
358507
358702
358786
358814
358837
358849
358856
358866
358870
358898
358940
358970
358974
359006
359046
359058
359093
359177
359197
359238
359265
359470
359493
359527
359563
359592
359605
359761
359789
359873
359904
359932
359977
360059
360137
360239
360260
360345
360393
360434
360440
360508
360516
360598
360709
360716
360729
360797
360892
360927
361097
361138
361178
361444
361473
361478
361488
361554
361615
361635
361645
362034
362121
362307
362372
362379
362567
362581
362612
362700
362778
362898
362964
362973
362996
363005
363210
363250
363275
363427
363486
363612
363615
363668
363770
363826
363950
364044
364062
364089
364124
364139
364149
364168
364188
364196
364212
364307
364339
364377
364385
364418
364437
364561
364568
364582
364617
364674
364746
364751
364772
364887
364934
364968
365019
365057
365092
365137
365156
365237
365305
365340
365478
365494
365689
365883
365940
366027
366137
366221
366228
366308
366359
366593
366607
366624
366678
366730
366875
366882
367064
367202
367214
367311
367316
367337
367388
367403
367458
367539
367574
367636
367637
367681
367743
367787
367801
367868
367935
368416
368429
368501
368522
368620
368687
368688
368780
368928
368937
368938
369257
369408
369424
369503
369508
369580
369624
369646
369741
369742
369774
369789
369803
369810
369968
369998
370465
370492
370531
370535
370551
370613
370628
370782
370998
371032
371113
371233
371300
371310
371335
371500
371561
371592
371637
371639
371713
371890
371940
371967
372098
372110
372159
372293
372309
372311
372386
372488
372628
372734
372770
372926
373034
373099
373102
373254
373257
373264
373489
373592
373610
373821
373953
373996
373999
374037
374128
374174
374332
374434
374452
374455
374494
374565
374576
374741
374795
374830
374832
374910
374947
375077
375082
375182
375276
375387
375395
375409
375763
376110
376174
376283
376483
376773
376790
376842
377065
377121
377144
377232
377270
377314
377323
377370
377421
377491
377585
377663
377665
377703
377731
377757
377761
377784
378023
378158
378211
378281
378311
378322
378344
378363
378366
378418
378435
378534
378739
378742
378803
378838
378895
378935
378938
378976
379121
379154
379189
379278
379309
379412
379504
379505
379549
379962
380090
380135
380277
380333
380392
380538
380679
380739
380746
380815
380919
380938
380949
381030
381039
381106
381191
381389
381536
381545
381573
381644
381651
381662
381771
381819
381917
381961
382065
382075
382193
382263
382340
382344
382383
382386
382426
382577
382665
382718
382842
382887
382895
382959
383007
383028
383035
383115
383124
383202
383308
383431
383534
383536
383543
383572
383630
383634
383706
383837
383905
383952
383963
384018
384217
384267
384418
384468
384518
384588
384736
384849
384863
384936
385021
385147
385180
385247
385316
385605
385755
385762
385897
385903
385930
385941
385956
385970
385991
386115
386263
386322
386491
386564
386597
386679
386687
386726
386749
386815
386987
387034
387064
387154
387249
387259
387319
387332
387354
387513
387588
387601
387651
387659
387711
387748
387944
387974
388086
388153
388157
388242
388340
388358
388367
388379
388465
388526
388611
388762
388774
388886
388910
389226
389234
389247
389273
389295
389358
389375
389445
389467
389517
389638
389703
389872
390018
390147
390217
390247
390336
390394
390455
390482
390726
390763
390775
390803
390878
390955
390987
391122
391193
391221
391532
391538
391746
391822
391866
391880
391918
392032
392132
392208
392309
392310
392352
392422
392463
392479
392484
392678
392789
392797
392804
392805
392815
392936
393036
393047
393148
393167
393204
393227
393243
393584
393600
393618
393623
393846
393991
393994
394172
394188
394348
394565
394642
394707
394709
394711
394743
394791
394867
394868
394886
394890
394905
394925
394974
394978
395003
395004
395063
395142
395143
395212
395265
395473
395526
395561
395653
395746
395831
395953
396002
396068
396283
396307
396342
396414
396417
396428
396445
396483
396502
396721
396761
396765
396823
396831
396903
396956
397024
397041
397076
397131
397264
397266
397306
397325
397444
397460
397464
397483
397503
397548
397594
397639
397644
397660
397670
397743
397800
397859
397866
397947
397976
398062
398122
398180
398181
398252
398277
398313
398314
398320
398351
398354
398454
398482
398547
398718
398780
398856
398956
399008
399106
399115
399142
399171
399265
399284
399298
399375
399390
399426
399505
399539
399560
399593
399630
399665
399715
399763
399777
399890
399904
399992
399994
400008
400099
400270
400554
400583
400657
400846
400879
400888
400926
400979
401047
401059
401062
401186
401251
401253
401267
401274
401332
401422
401569
401664
401768
401997
402313
402367
402407
402420
402511
402628
402750
402810
402824
402977
403052
403069
403247
403337
403422
403583
403616
403752
403797
403902
404166
404233
404264
404365
404452
404482
404521
404574
404639
404699
404707
404727
404752
404772
404805
404842
404933
405058
405102
405124
405168
405202
405317
405388
405406
405574
405599
405653
405760
405825
405826
405840
405882
405927
406103
406146
406242
406297
406327
406362
406443
406565
406629
406776
406870
406967
407145
407440
407553
407676
407697
407701
407744
407770
407862
407886
407895
407921
408003
408062
408228
408297
408307
408323
408347
408423
408721
409186
409251
409279
409316
409442
409525
409538
409632
409640
409763
409812
409914
410057
410064
410075
410130
410157
410176
410218
410243
410251
410366
410382
410539
410584
410624
410733
410839
410933
410957
410964
411110
411123
411180
411198
411309
411360
411398
411414
411486
411521
411558
411599
411647
411720
411826
411844
411954
411971
412012
412060
412094
412117
412124
412125
412203
412207
412240
412326
412330
412416
412459
412482
412540
412576
412619
412699
412808
412834
412945
413060
413137
413152
413315
413341
413372
413387
413458
413534
413539
413619
413702
413788
413819
413851
413886
413890
413914
414037
414074
414133
414191
414289
414411
414479
414549
414672
414759
414831
414847
414881
414898
415132
415185
415197
415273
415307
415336
415467
415576
415593
415676
415681
415760
415800
415801
415841
415909
415961
416005
416066
416078
416134
416172
416242
416282
416291
416392
416420
416465
416579
416594
416683
416778
416827
416866
416889
416985
417122
417208
417235
417236
417240
417251
417299
417379
417495
417552
417649
417663
417764
417810
417917
418109
418155
418289
418489
418543
418578
418645
418703
418714
418727
418746
418778
418802
418862
418869
418974
418975
418987
419010
419013
419030
419278
419305
419330
419383
419537
419613
419619
419712
419878
419946
419951
420409
420428
420572
420743
420777
420798
420831
420856
420960
421015
421091
421108
421139
421159
421223
421266
421455
421497
421934
421953
422012
422019
422163
422297
422426
422481
422550
422600
422697
422719
422722
422747
422821
422832
422894
422948
423052
423116
423137
423168
423529
423531
423541
423583
423640
423707
423723
423725
423748
423822
423872
423873
423918
424027
424128
424500
424681
424800
424875
424925
424927
424948
425031
425044
425073
425078
425122
425125
425194
425237
425315
425339
425425
425559
425680
425683
425763
425855
425863
425951
426172
426234
426402
426429
426444
426474
426565
426569
426627
426653
426680
426775
426951
426989
426990
427007
427043
427132
427194
427203
427265
427288
427374
427418
427431
427443
427497
427572
427627
427804
427823
427894
427926
427950
427952
428030
428035
428072
428075
428385
428608
428656
428690
428770
428897
428978
428996
428998
429034
429062
429101
429171
429208
429228
429345
429365
429432
429442
429449
429453
429479
429660
429695
429776
430063
430125
430184
430443
430569
430629
430639
430664
430726
430936
431068
431300
431355
431379
431412
431416
431612
431631
431823
431825
431930
432046
432098
432108
432219
432246
432250
432333
432381
432439
432530
432591
432678
432732
432733
432921
433033
433056
433057
433100
433156
433288
433294
433319
433336
433410
433482
433514
433679
433817
433914
433991
434055
434079
434099
434177
434221
434223
434250
434255
434306
434337
434399
434475
434483
434488
434502
434521
434595
434637
434700
434702
434781
434884
434887
435160
435260
435340
435409
435413
435523
435545
435595
435771
435780
435936
435955
435961
435968
435978
435981
436016
436057
436076
436128
436191
436236
436289
436338
436378
436452
436585
436778
436968
436999
437002
437055
437298
437335
437524
437580
437605
437677
437708
437766
437798
437873
437949
438132
438171
438230
438262
438273
438354
438422
438446
438564
438579
438645
438764
438793
438857
438956
439148
439153
439294
439295
439399
439402
439496
439572
439613
439642
439688
439691
439706
439729
439749
439759
439791
439875
440005
440066
440108
440111
440139
440187
440251
440371
440385
440427
440452
440461
440526
440538
440547
440560
440572
440595
440630
440693
440785
440874
440894
440904
440923
440961
440980
441033
441047
441169
441224
441243
441303
441365
441387
441421
441518
441577
441585
441619
441814
441862
441870
441916
441967
442028
442077
442085
442126
442198
442355
442410
442565
442637
442651
442688
442699
442713
442759
442785
442970
442980
443046
443078
443080
443145
443182
443195
443249
443259
443271
443305
443474
443535
443575
443581
443610
443647
443692
443693
443721
443725
443732
443914
443948
444320
444338
444376
444470
444497
444498
444529
444780
444787
444797
444808
444819
445033
445034
445051
445089
445101
445189
445202
445227
445260
445394
445447
445528
445669
445702
445871
445989
445997
446125
446160
446282
446285
446480
446592
446650
446820
446852
446995
447009
447011
447045
447107
447261
447287
447348
447381
447416
447449
447559
447600
447659
447703
447744
447820
447839
447841
447938
447943
447972
448004
448053
448065
448072
448117
448201
448202
448328
448484
448527
448532
448635
448666
448667
448758
448880
448931
448956
449042
449048
449109
449171
449202
449311
449335
449414
449518
449675
449804
449836
449881
449896
450016
450094
450151
450167
450273
450299
450500
450548
450576
450604
450815
450834
450875
450928
451022
451039
451085
451113
451140
451173
451196
451207
451211
451369
451388
451613
451653
451680
451727
451831
451973
452049
452245
452389
452417
452487
452612
452736
452753
452848
452891
453026
453034
453051
453075
453079
453083
453173
453258
453466
453506
453559
453584
453738
453750
453822
454029
454039
454104
454123
454292
454365
454415
454461
454740
454763
454769
454830
454890
454918
455048
455062
455087
455096
455258
455306
455390
455443
455481
455519
455522
455593
455610
455712
455811
455847
455895
455897
455959
456040
456278
456292
456310
456331
456359
456362
456508
456555
456581
456685
456701
456704
456735
456738
456796
456800
456979
457007
457108
457135
457402
457520
457557
457559
457665
457964
457988
458012
458018
458032
458146
458165
458335
458336
458410
458439
458445
458553
458577
459003
459025
459037
459038
459154
459200
459414
459472
459511
459553
459563
459769
459856
459883
459891
459916
460005
460041
460141
460182
460188
460286
460304
460330
460333
460355
460357
460450
460540
460603
460730
460752
460838
460878
461019
461032
461064
461171
461220
461257
461273
461292
461302
461402
461414
461463
461588
461618
461686
461765
461911
461998
462015
462042
462157
462310
462311
462332
462435
462541
462552
462573
462674
462702
462901
462937
462965
463063
463140
463196
463283
463366
463399
463476
463619
463802
463933
463952
463979
464042
464096
464145
464405
464457
464482
464526
464648
464890
464932
464950
464957
465044
465060
465063
465148
465223
465275
465386
465413
465420
465423
465426
465546
465551
465588
465715
465903
465962
465979
465990
465995
466011
466184
466278
466291
466309
466364
466377
466428
466433
466613
466707
466830
466845
466912
467090
467158
467273
467340
467414
467461
467500
467590
467597
467635
467697
467733
467755
467757
467865
467942
467995
468025
468178
468195
468227
468353
468440
468690
468720
468778
468797
468813
468834
468892
468895
468981
469050
469097
469121
469152
469163
469285
469330
469344
469409
469427
469478
469505
469514
469531
469627
469634
469651
469725
469779
470039
470113
470205
470254
470293
470336
470349
470350
470354
470394
470424
470603
470776
470787
471070
471091
471199
471227
471279
471642
471653
471767
471860
471863
471948
471979
471995
472058
472216
472462
472474
472525
472546
472548
472558
472601
472688
472694
472867
472974
472976
473000
473009
473060
473088
473091
473113
473410
473431
473436
473469
473573
473579
473619
473763
473777
473802
473840
473856
473863
473923
474188
474339
474455
474459
474527
474548
474614
474682
474691
474717
474755
474757
474842
474848
474862
474877
475044
475057
475095
475113
475115
475152
475411
475477
475524
475602
475781
475785
475815
475897
475901
475906
476054
476072
476187
476207
476218
476287
476331
476360
476375
476431
476456
476728
476806
476875
476996
477081
477177
477274
477318
477324
477352
477736
477999
478021
478087
478149
478207
478226
478260
478385
478407
478489
478510
478525
478543
478568
478571
478715
478721
478726
478824
478918
478964
478992
479067
479111
479167
479170
479247
479251
479265
479295
479416
479452
479512
479623
479645
479702
479716
479734
479905
479945
480006
480049
480190
480228
480248
480302
480305
480319
480347
480398
480606
480635
480645
480850
480868
481013
481014
481174
481204
481361
481465
481541
481681
481713
481756
481774
481816
481870
481951
481972
482003
482057
482111
482165
482224
482355
482473
482578
482613
482633
482707
482726
482854
482882
482891
482893
483116
483368
483384
483689
483825
483836
483837
483845
483851
483946
483987
484005
484016
484135
484147
484186
484197
484206
484291
484357
484433
484467
484487
484517
484552
484626
484629
484635
484704
484743
484770
484856
484921
484947
485032
485059
485064
485117
485153
485176
485292
485386
485438
485567
485581
485641
485645
485652
485704
485726
485761
485788
485810
485945
485946
485970
486009
486033
486050
486139
486169
486275
486288
486294
486418
486425
486444
486456
486587
486642
486662
486663
486743
486763
486799
486834
486839
486875
486990
487075
487115
487119
487223
487243
487351
487353
487370
487434
487456
487549
487566
487663
487931
488205
488244
488247
488260
488321
488379
488610
488688
488722
488726
488812
488871
489103
489113
489267
489270
489362
489510
489599
489628
489769
489811
489908
490000
490042
490130
490222
490291
490322
490338
490395
490474
490528
490568
490591
490629
490642
490643
490768
490785
490913
490985
491001
491016
491080
491510
491557
491613
491853
491917
492000
492013
492097
492189
492252
492390
492402
492504
492557
492763
492876
492879
492989
493040
493045
493060
493075
493112
493152
493212
493223
493230
493236
493321
493368
493453
493636
493742
493801
493866
493990
494093
494139
494178
494248
494512
494570
494706
494773
494781
494840
494864
494875
494906
494951
495039
495106
495186
495235
495267
495276
495329
495377
495387
495400
495405
495421
495432
495483
495508
495533
495722
495746
495773
495793
495808
495821
495851
495937
495940
495946
496008
496094
496204
496290
496347
496352
496491
496543
496619
496657
496750
496804
496812
496866
496886
497053
497132
497183
497238
497365
497370
497432
497504
497522
497563
497574
497603
497699
497803
497836
497870
497939
498006
498087
498146
498176
498225
498266
498277
498287
498327
498368
498378
498416
498446
498494
498504
498584
498629
498716
498820
498922
498944
498993
499033
499050
499124
499259
499333
499387
499452
499652
499747
499878
499941
500155
500264
500267
500297
500419
500431
500441
500564
500624
500721
501077
501136
501176
501209
501324
501459
501822
501859
501976
502155
502240
502356
502471
502599
502693
502783
502784
502824
502846
502942
503100
503174
503201
503448
503456
503506
503604
503624
503696
503938
503974
504182
504314
504359
504400
504507
504508
504707
504753
504792
504930
505047
505117
505224
505286
505353
505375
505637
505662
505709
505750
505754
505789
505797
505836
505915
506089
506135
506138
506163
506170
506199
506229
506439
506513
506575
506757
506787
506853
506878
506984
506987
507307
507371
507412
507414
507471
507545
507548
507614
507653
507688
507771
507919
508002
508049
508085
508095
508133
508215
508237
508356
508483
508542
508695
508723
508736
508748
508826
508896
508957
509020
509258
509338
509355
509407
509509
509606
509667
509687
509696
509761
509976
510023
510038
510067
510072
510079
510100
510109
510125
510140
510146
510319
510328
510412
510438
510452
510550
510574
510588
510642
510739
510752
511123
511246
511272
511432
511445
511476
511491
511566
511598
511702
511781
511817
511839
511846
511858
511865
511954
511958
512001
512031
512073
512108
512223
512306
512367
512492
512540
512577
512632
512675
512676
512842
512903
513078
513146
513221
513372
513387
513570
513594
513616
513762
513782
513886
513923
514039
514119
514120
514140
514223
514295
514337
514467
514591
514793
514879
514898
514907
514924
514945
514947
514982
514986
515035
515105
515132
515223
515227
515308
515341
515348
515491
515545
515569
515701
515823
515970
516008
516026
516082
516102
516198
516266
516300
516359
516412
516417
516498
516552
516553
516783
516794
516820
516837
516882
516897
517029
517499
517616
517639
517729
517739
517745
517908
518202
518208
518246
518288
518323
518387
518398
518434
518469
518495
518521
518579
518594
518784
518918
518965
518994
519014
519081
519123
519138
519174
519196
519222
519315
519321
519432
519454
519500
519514
519647
519721
519886
519921
519961
520118
520237
520262
520398
520430
520484
520592
520618
520658
520659
520742
520864
520888
521087
521164
521202
521293
521298
521601
521663
521701
521713
521720
521842
521919
522219
522258
522377
522395
522421
522532
522604
522681
522710
522785
522803
523002
523090
523192
523202
523229
523233
523255
523427
523821
523872
523899
523942
524114
524191
524192
524283
524291
524293
524353
524363
524375
524489
524490
524507
524704
524708
524819
524897
524977
524980
524995
525011
525132
525247
525263
525386
525392
525446
525466
525611
525617
525639
525711
525740
525741
525781
525840
525869
526007
526107
526230
526242
526251
526264
526269
526304
526317
526374
526390
526474
526578
526615
526824
527016
527104
527135
527204
527209
527241
527254
527265
527282
527314
527480
527647
527735
527766
527831
527888
528025
528106
528174
528252
528330
528434
528547
528605
528628
528776
528835
528954
528979
529029
529046
529226
529242
529315
529398
529414
529426
529444
529502
529505
529524
529856
529877
529928
529984
530100
530186
530269
530312
530371
530375
530380
530485
530609
530768
530795
530963
530997
531022
531026
531099
531163
531185
531324
531351
531377
531433
531525
531578
531612
531751
531889
532045
532133
532234
532300
532361
532419
532454
532462
532611
532636
532642
532656
532807
532824
532860
532982
533008
533029
533096
533125
533137
533258
533294
533306
533379
533398
533522
533779
533791
533855
533906
534046
534085
534086
534146
534160
534383
534434
534496
534501
534570
534609
534675
534725
534776
534777
534841
534860
535127
535204
535211
535262
535283
535287
535289
535346
535385
535387
535669
535747
535803
535859
535862
535933
535972
536044
536057
536178
536282
536286
536306
536411
536501
536536
536744
536909
536934
537036
537066
537152
537160
537167
537262
537308
537420
537425
537526
537588
537596
537610
537654
537893
537915
537917
537919
538023
538163
538166
538214
538507
538620
538711
538962
538971
538973
539004
539019
539084
539107
539281
539382
539421
539502
539645
539675
539727
539752
539778
539849
539886
539908
539910
540036
540063
540128
540129
540176
540274
540294
540334
540388
540412
540445
540471
540622
540626
540691
540709
540932
541060
541074
541080
541099
541106
541137
541151
541584
541585
541740
541848
541902
541946
541992
542057
542110
542245
542373
542390
542415
542438
542550
542588
542629
542900
542920
542946
542950
542956
542976
543051
543061
543159
543241
543289
543348
543517
543531
543536
543568
543585
543596
543610
543617
543664
543697
543723
543762
543775
543779
543812
543854
543895
543947
543961
544218
544347
544435
544476
544517
544590
544726
544727
545149
545158
545183
545413
545640
545693
545816
545930
545940
546013
546140
546186
546204
546278
546313
546318
546321
546367
546531
546761
546832
546910
546964
546980
547008
547041
547227
547337
547363
547389
547423
547438
547443
547479
547542
547652
547889
548519
548578
548628
548776
548877
548911
548949
549129
549151
549211
549238
549243
549291
549341
549368
549433
549501
549550
549598
549632
549671
549755
549835
549913
550061
550243
550320
550477
550534
550537
550574
550655
550689
550784
550948
551018
551060
551067
551248
551302
551353
551451
551465
551478
551501
551518
551536
551673
551814
551865
551867
551887
551895
551970
551977
552117
552175
552395
552537
552565
552604
552761
552794
552892
552906
553070
553078
553095
553112
553195
553271
553436
553475
553494
553558
553594
553599
553608
553624
553777
553881
553923
554000
554170
554193
554261
554284
554287
554446
554643
554781
554965
555009
555031
555054
555156
555193
555300
555481
555514
555534
555569
555633
555792
555819
555850
556000
556052
556151
556209
556250
556266
556312
556336
556479
556568
556670
556742
556743
556897
557071
557114
557265
557276
557306
557346
557403
557441
557443
557573
557661
557707
557765
557781
557784
557848
557900
557987
558024
558051
558079
558087
558099
558138
558208
558335
558359
558367
558376
558428
558432
558648
558750
558806
558811
558910
559076
559101
559108
559109
559149
559164
559199
559234
559343
559358
559422
559428
559429
559436
559473
559647
559726
559776
559980
560022
560055
560061
560122
560176
560282
560431
560458
560521
560606
560801
560811
560869
560877
560891
561005
561028
561148
561262
561386
561550
561555
561578
561592
561652
561655
561716
561805
561926
562323
562489
562563
562645
562705
562787
562879
562935
562977
562995
563036
563139
563162
563231
563347
563359
563367
563390
563420
563467
563593
563705
563827
563931
563964
563984
564122
564226
564303
564312
564370
564382
564448
564491
564644
564683
564695
564762
564885
564994
565051
565096
565149
565217
565227
565240
565260
565344
565362
565384
565583
565595
565693
565712
565919
565942
566004
566023
566051
566139
566216
566221
566423
566558
566571
566846
566862
566968
566974
567008
567251
567337
567338
567576
567661
567924
568018
568116
568158
568484
568531
568557
568646
568690
568706
568757
568785
568801
568802
568913
568971
569050
569193
569401
569424
569549
569701
569787
569827
569883
570025
570027
570045
570090
570125
570171
570213
570352
570369
570375
570407
570652
570882
570884
570947
571015
571079
571218
571272
571277
571391
571425
571457
571689
571701
571757
571871
571960
572061
572138
572141
572149
572239
572384
572398
572400
572403
572458
572522
572523
572528
572547
572661
572682
572690
572890
572921
572959
572983
573056
573185
573332
573458
573558
573573
573579
573618
573663
573718
573737
573747
573749
573762
574059
574169
574252
574265
574309
574330
574486
574533
574670
574695
574709
574719
574760
574802
574894
574978
575195
575200
575287
575324
575447
575518
575541
575793
575832
575880
575921
575948
576017
576026
576134
576173
576187
576202
576209
576252
576511
576531
576546
576692
576705
576807
576880
576908
576954
577027
577070
577122
577126
577144
577151
577155
577263
577370
577374
577448
577461
577515
577620
577733
577768
577785
577978
577993
578056
578067
578123
578169
578256
578340
578476
578684
578755
578801
578893
579019
579071
579084
579370
579430
579457
579503
579563
579680
579686
579701
579856
579873
579887
579951
579967
579989
579998
580003
580014
580042
580104
580203
580231
580396
580467
580481
580571
580642
580653
580668
580801
580878
580981
581011
581076
581083
581108
581117
581155
581198
581205
581336
581359
581364
581476
581505
581539
581583
581926
582015
582048
582131
582371
582470
582626
582650
582710
582713
582820
582891
582905
582983
582998
583056
583060
583072
583279
583357
583365
583471
583541
583585
583646
583706
583757
583921
584012
584044
584075
584107
584127
584171
584185
584295
584299
584309
584332
584379
584473
584564
584589
584593
584713
584727
584761
584767
584845
584855
584984
584991
585069
585098
585176
585203
585421
585461
585471
585653
585719
585752
585913
585964
585992
586005
586064
586106
586109
586110
586184
586413
586450
586465
586489
586493
586644
586647
586653
586696
586730
586952
586982
587060
587081
587146
587172
587278
587504
587543
587546
587596
587956
588074
588097
588117
588144
588205
588234
588288
588334
588347
588393
588464
588555
588601
588716
588745
588777
588911
588916
588943
589050
589075
589211
589357
589480
589504
589527
589715
589812
589824
589865
589932
590026
590040
590110
590200
590233
590262
590487
590607
590708
590790
590828
590838
590869
590909
590936
591038
591127
591227
591359
591360
591504
591505
591518
591528
591567
591630
591684
591707
591735
591769
591803
591838
591905
591907
591981
591986
592055
592075
592081
592148
592167
592251
592349
592450
592540
592579
592788
592800
592885
592892
593014
593177
593297
593311
593377
593400
593549
593566
593627
593645
593663
593788
593815
593841
593869
593890
593903
593906
594092
594174
594175
594312
594333
594377
594418
594732
594750
595047
595195
595328
595339
595710
595736
595809
595811
595817
595864
595875
595941
595949
596025
596053
596080
596162
596164
596278
596283
596348
596349
596379
596600
596604
596610
596649
596688
596889
596929
597147
597273
597348
597360
597418
597690
597696
597721
597836
597861
598048
598226
598228
598403
598419
598439
598452
598454
598555
598636
598783
598840
598907
599086
599119
599120
599232
599280
599289
599326
599415
599420
599422
599460
599651
599681
599744
599838
599857
